"CD4 TCM" "CD4 Naive" "CD4 Regulatory" "CD4 Cytotoxic" "CD4 TEM"
"1103" 33.9805825242718 15.2912621359223 3.15533980582524 17.7184466019417 29.8543689320388
"1107" 43.75 0 2.08333333333333 10.4166666666667 43.75
"1108" 26.6666666666667 2.66666666666667 4 48 18.6666666666667
"1109" 29.3333333333333 61.3333333333333 2.66666666666667 5.33333333333333 1.33333333333333
"1112" 19.5652173913043 30.4347826086957 6.52173913043478 6.52173913043478 36.9565217391304
"1113" 45.6422018348624 34.1743119266055 4.12844036697248 4.58715596330275 11.4678899082569
"1117" 33.1288343558282 51.5337423312883 3.68098159509202 0.613496932515337 11.0429447852761
"1126" 39.7849462365591 32.258064516129 4.83870967741935 3.76344086021505 19.3548387096774
"1132" 35.4037267080745 10.5590062111801 0.93167701863354 48.4472049689441 4.6583850931677
"1135" 49.1071428571429 16.0714285714286 4.91071428571429 11.1607142857143 18.75
"1136" 63.013698630137 19.5205479452055 3.42465753424658 1.36986301369863 12.6712328767123
"1137" 44.1860465116279 6.97674418604651 2.32558139534884 4.65116279069767 41.8604651162791
"1138" 51.063829787234 18.0851063829787 2.12765957446809 0 28.7234042553192
"1139" 35.6973995271868 23.8770685579196 3.54609929078014 25.2955082742317 11.5839243498818
"1141" 47.787610619469 26.5486725663717 5.30973451327434 5.30973451327434 15.0442477876106
"1147" 20.8333333333333 0 5.20833333333333 43.75 30.2083333333333
"1149" 0 0 0 40 60
"1151" 23.0769230769231 0 11.5384615384615 0 65.3846153846154
"1155" 16.1290322580645 0 19.3548387096774 12.9032258064516 51.6129032258064
"1157" 34.0425531914894 5.31914893617021 5.31914893617021 1.06382978723404 54.2553191489362
"1158" 33.7662337662338 1.2987012987013 7.79220779220779 1.2987012987013 55.8441558441558
"1159" 15 5 5 12.5 62.5
"1161" 5.26315789473684 0 23.6842105263158 6.57894736842105 64.4736842105263
"1165" 60 0 0 0 40
"1167" 26.3157894736842 0 10.5263157894737 0 63.1578947368421
"1172" 25 0 0 62.5 12.5
"1175" 45.9016393442623 10.9289617486339 3.27868852459016 12.0218579234973 27.8688524590164
"1176" 13.3333333333333 0 6.66666666666667 37.7777777777778 42.2222222222222
"1180" 31.4285714285714 17.1428571428571 11.4285714285714 17.1428571428571 22.8571428571429
"1181" 35.9375 0 1.5625 17.1875 45.3125
"1182" 23.3766233766234 6.49350649350649 3.8961038961039 51.9480519480519 14.2857142857143
"2107" 7.14285714285714 0 21.4285714285714 42.8571428571429 28.5714285714286
"2108" 13.7931034482759 0 34.4827586206897 31.0344827586207 20.6896551724138
"2110" 20 0 11.4285714285714 31.4285714285714 37.1428571428571
"2111" 16 0 6 4 74
"2112" 25 0 45 5 25
"2113" 18.9189189189189 5.40540540540541 0 45.945945945946 29.7297297297297
"2114" 29.1666666666667 0 12.5 16.6666666666667 41.6666666666667
"2116" 53.8461538461538 0 0 23.0769230769231 23.0769230769231
"3007" 30.1587301587302 41.2698412698413 5.55555555555556 6.74603174603175 16.2698412698413
"3011" 0 0 0 0 100
"3012" 15.5932203389831 6.77966101694915 1.01694915254237 66.7796610169491 9.83050847457627
"3013" 44.4444444444444 37.3737373737374 1.01010101010101 11.1111111111111 6.06060606060606
"3014" 67.260579064588 18.4855233853007 4.00890868596882 6.23608017817372 4.00890868596882
"3015" 63.6363636363636 0 9.09090909090909 0 27.2727272727273
"3018" 33.8345864661654 1.50375939849624 6.01503759398496 7.5187969924812 51.1278195488722
"3019" 27.3809523809524 2.38095238095238 1.19047619047619 19.047619047619 50
"3020" 8.41121495327103 0.934579439252336 0.934579439252336 42.0560747663551 47.6635514018692
"3021" 28.4090909090909 5.68181818181818 12.5 6.81818181818182 46.5909090909091
"3022" 21.3114754098361 0 4.91803278688525 14.7540983606557 59.0163934426229
"3023" 23.7762237762238 2.0979020979021 10.4895104895105 24.4755244755245 39.1608391608392
"3024" 11.1570247933884 5.37190082644628 4.13223140495868 50.4132231404959 28.9256198347107
"3026" 14.0845070422535 2.8169014084507 4.22535211267606 19.7183098591549 59.1549295774648
"3028" 10.1449275362319 0.289855072463768 5.50724637681159 16.8115942028986 67.2463768115942
"3029" 0 0 0 0 100
"3031" 0 0 100 0 0
"3032" 22.9166666666667 0 8.33333333333333 20.8333333333333 47.9166666666667
"3035" 38.8888888888889 2.77777777777778 11.1111111111111 19.4444444444444 27.7777777777778
"3037" 25 50 0 25 0
"1101" NA NA NA NA NA
"1102" NA NA NA NA NA
"1104" NA NA NA NA NA
"1105" NA NA NA NA NA
"1106" NA NA NA NA NA
"1110" NA NA NA NA NA
"1111" NA NA NA NA NA
"1114" NA NA NA NA NA
"1115" NA NA NA NA NA
"1116" NA NA NA NA NA
"1118" NA NA NA NA NA
"1119" NA NA NA NA NA
"1120" NA NA NA NA NA
"1122" NA NA NA NA NA
"1123" NA NA NA NA NA
"1125" NA NA NA NA NA
"1127" NA NA NA NA NA
"1128" NA NA NA NA NA
"1129" NA NA NA NA NA
"1130" NA NA NA NA NA
"1131" NA NA NA NA NA
"1133" NA NA NA NA NA
"1142" NA NA NA NA NA
"1143" NA NA NA NA NA
"1146" NA NA NA NA NA
"1150" NA NA NA NA NA
"1152" NA NA NA NA NA
"1153" NA NA NA NA NA
"1154" NA NA NA NA NA
"1156" NA NA NA NA NA
"1160" NA NA NA NA NA
"1162" NA NA NA NA NA
"1163" NA NA NA NA NA
"1164" NA NA NA NA NA
"1166" NA NA NA NA NA
"1168" NA NA NA NA NA
"1169" NA NA NA NA NA
"1170" NA NA NA NA NA
"1171" NA NA NA NA NA
"1173" NA NA NA NA NA
"1174" NA NA NA NA NA
"1178" NA NA NA NA NA
"1179" NA NA NA NA NA
"2101" NA NA NA NA NA
"2102" NA NA NA NA NA
"2103" NA NA NA NA NA
"2104" NA NA NA NA NA
"2105" NA NA NA NA NA
"2106" NA NA NA NA NA
"2109" NA NA NA NA NA
"2115" NA NA NA NA NA
"2117" NA NA NA NA NA
"2118" NA NA NA NA NA
"2120" NA NA NA NA NA
"2121" NA NA NA NA NA
"2122" NA NA NA NA NA
"2123" NA NA NA NA NA
"2124" NA NA NA NA NA
"3001" NA NA NA NA NA
"3002" NA NA NA NA NA
"3003" NA NA NA NA NA
"3004" NA NA NA NA NA
"3005" NA NA NA NA NA
"3006" NA NA NA NA NA
"3008" NA NA NA NA NA
"3009" NA NA NA NA NA
"3010" NA NA NA NA NA
"3016" NA NA NA NA NA
"3017" NA NA NA NA NA
"3025" NA NA NA NA NA
"3027" NA NA NA NA NA
"3030" NA NA NA NA NA
"3033" NA NA NA NA NA
"3034" NA NA NA NA NA
"3039" NA NA NA NA NA
