"CD4 TCM" "CD4 Naive" "CD4 Regulatory" "CD4 Cytotoxic" "CD4 TEM"
"1103" 37.1638141809291 18.3374083129584 2.20048899755501 15.8924205378973 26.4058679706601
"1107" 56.25 0 2.08333333333333 10.4166666666667 31.25
"1108" 38.4615384615385 3.07692307692308 3.07692307692308 41.5384615384615 13.8461538461538
"1109" 22.6666666666667 68 2.66666666666667 5.33333333333333 1.33333333333333
"1112" 31.8181818181818 31.8181818181818 4.54545454545455 4.54545454545455 27.2727272727273
"1113" 51.0440835266821 35.2668213457077 4.17633410672854 3.24825986078886 6.26450116009281
"1117" 35.5828220858896 53.9877300613497 4.29447852760736 0 6.13496932515337
"1126" 45.945945945946 35.1351351351351 4.32432432432432 3.24324324324324 11.3513513513514
"1132" 35.0819672131148 10.8196721311475 0.983606557377049 46.8852459016393 6.22950819672131
"1135" 54.2056074766355 19.6261682242991 4.20560747663551 7.47663551401869 14.4859813084112
"1136" 63.859649122807 21.4035087719298 3.15789473684211 2.80701754385965 8.7719298245614
"1137" 66.6666666666667 11.9047619047619 2.38095238095238 7.14285714285714 11.9047619047619
"1138" 51.5463917525773 21.6494845360825 2.06185567010309 1.03092783505155 23.7113402061856
"1139" 36.7149758454106 26.5700483091787 3.14009661835749 23.9130434782609 9.66183574879227
"1141" 54.7169811320755 26.4150943396226 5.66037735849057 5.66037735849057 7.54716981132075
"1147" 13.7931034482759 0 4.59770114942529 40.2298850574713 41.3793103448276
"1149" 0 0 0 25 75
"1151" 50 0 7.69230769230769 0 42.3076923076923
"1155" 30 0 20 10 40
"1157" 40 6.31578947368421 5.26315789473684 0 48.4210526315789
"1158" 58.6666666666667 0 8 1.33333333333333 32
"1159" 22.6086956521739 6.08695652173913 3.47826086956522 9.56521739130435 58.2608695652174
"1161" 18.4210526315789 0 23.6842105263158 2.63157894736842 55.2631578947368
"1165" 40 0 0 0 60
"1167" 63.1578947368421 0 10.5263157894737 0 26.3157894736842
"1172" 12.5 0 0 62.5 25
"1175" 54.0983606557377 12.568306010929 3.27868852459016 9.2896174863388 20.7650273224044
"1176" 24.390243902439 0 9.75609756097561 36.5853658536585 29.2682926829268
"1180" 37.1428571428571 22.8571428571429 11.4285714285714 14.2857142857143 14.2857142857143
"1181" 47.5409836065574 1.63934426229508 1.63934426229508 11.4754098360656 37.7049180327869
"1182" 25.7575757575758 7.57575757575758 4.54545454545455 53.030303030303 9.09090909090909
"2107" 0 0 20 40 40
"2108" 25 0 35.7142857142857 21.4285714285714 17.8571428571429
"2110" 32 0 16 24 28
"2111" 32.6530612244898 0 6.12244897959184 0 61.2244897959184
"2112" 31.5789473684211 0 47.3684210526316 5.26315789473684 15.7894736842105
"2113" 26.4705882352941 5.88235294117647 0 41.1764705882353 26.4705882352941
"2114" 45 5 10 10 30
"2116" 69.2307692307692 0 0 23.0769230769231 7.69230769230769
"3007" 31.8548387096774 43.1451612903226 5.24193548387097 5.24193548387097 14.5161290322581
"3011" 100 0 0 0 0
"3012" 17.5824175824176 8.42490842490843 0.732600732600733 65.9340659340659 7.32600732600733
"3013" 43.298969072165 41.2371134020619 0 9.27835051546392 6.18556701030928
"3014" 68.7782805429864 20.5882352941176 2.94117647058824 5.20361990950226 2.48868778280543
"3015" 90.9090909090909 0 9.09090909090909 0 0
"3018" 38.8888888888889 0.793650793650794 5.55555555555556 5.55555555555556 49.2063492063492
"3019" 28.2051282051282 2.56410256410256 1.28205128205128 17.9487179487179 50
"3020" 16.6666666666667 1.04166666666667 0 38.5416666666667 43.75
"3021" 52.8735632183908 9.19540229885057 11.4942528735632 3.44827586206897 22.9885057471264
"3022" 35.4285714285714 0.571428571428571 5.14285714285714 9.14285714285714 49.7142857142857
"3023" 40.2877697841727 2.87769784172662 10.7913669064748 21.5827338129496 24.4604316546763
"3024" 18.1818181818182 6.49350649350649 3.8961038961039 47.6190476190476 23.8095238095238
"3026" 38.2352941176471 2.94117647058824 4.41176470588235 14.7058823529412 39.7058823529412
"3028" 26.3005780346821 0.578034682080925 5.49132947976879 15.606936416185 52.0231213872832
"3029" 100 0 0 0 0
"3031" 0 0 100 0 0
"3032" 35.9550561797753 1.12359550561798 8.98876404494382 17.9775280898876 35.9550561797753
"3035" 47.0588235294118 2.94117647058824 11.7647058823529 14.7058823529412 23.5294117647059
"3037" 0 50 0 50 0
"5001" 27.5862068965517 6.89655172413793 5.17241379310345 44.8275862068966 15.5172413793103
"5002" 58.3333333333333 4.16666666666667 6.25 0 31.25
"5003" 33.3333333333333 4.44444444444444 22.2222222222222 1.11111111111111 38.8888888888889
"5004" 52.1739130434783 16.8478260869565 7.60869565217391 0 23.3695652173913
"5005" 30.7692307692308 7.69230769230769 0 0 61.5384615384615
"5008" 19.2982456140351 1.75438596491228 8.7719298245614 45.6140350877193 24.5614035087719
"5009" 69.2307692307692 0 23.0769230769231 0 7.69230769230769
"5010" 19.1176470588235 3.30882352941176 3.67647058823529 23.1617647058824 50.7352941176471
"5011" 42.6229508196721 0 4.0983606557377 2.45901639344262 50.8196721311475
"5012" 63.2352941176471 13.2352941176471 5.88235294117647 0 17.6470588235294
"5013" 14.1843971631206 1.41843971631206 2.83687943262411 58.1560283687943 23.4042553191489
"5015" 45.8333333333333 35.4166666666667 4.16666666666667 1.04166666666667 13.5416666666667
"5016" 59.6707818930041 6.99588477366255 3.29218106995885 8.64197530864197 21.3991769547325
"5017" 61.5384615384615 11.5384615384615 19.2307692307692 3.84615384615385 3.84615384615385
"5018" NA NA NA NA NA
"5019" 20 0 40 0 40
"5020" 0 0 50 0 50
"5021" 100 0 0 0 0
"5022" 31.3725490196078 5.88235294117647 17.6470588235294 0 45.0980392156863
"5024" 40.1041666666667 2.60416666666667 1.04166666666667 6.77083333333333 49.4791666666667
"5026" 0 0 0 100 0
"5027" 41.566265060241 9.03614457831325 9.03614457831325 7.2289156626506 33.1325301204819
"5028" 66.6666666666667 0 0 0 33.3333333333333
"5029" 41.304347826087 4.34782608695652 17.3913043478261 0 36.9565217391304
"5030" 36.4485981308411 6.54205607476635 18.6915887850467 2.80373831775701 35.5140186915888
"5031" 47.0588235294118 8.82352941176471 11.7647058823529 0 32.3529411764706
"5032" 44.7368421052632 5.26315789473684 7.89473684210526 0 42.1052631578947
"5033" 65.5172413793103 15.1724137931034 6.89655172413793 0.689655172413793 11.7241379310345
"5034" 64.2857142857143 7.14285714285714 7.14285714285714 0 21.4285714285714
"5036" 8.69565217391304 0 8.69565217391304 73.9130434782609 8.69565217391304
"5037" 60 0 0 30 10
"5038" 40 0 40 0 20
"1101" NA NA NA NA NA
"1102" NA NA NA NA NA
"1104" NA NA NA NA NA
"1105" NA NA NA NA NA
"1106" NA NA NA NA NA
"1110" NA NA NA NA NA
"1111" NA NA NA NA NA
"1114" NA NA NA NA NA
"1115" NA NA NA NA NA
"1116" NA NA NA NA NA
"1118" NA NA NA NA NA
"1119" NA NA NA NA NA
"1120" NA NA NA NA NA
"1122" NA NA NA NA NA
"1123" NA NA NA NA NA
"1125" NA NA NA NA NA
"1127" NA NA NA NA NA
"1128" NA NA NA NA NA
"1129" NA NA NA NA NA
"1130" NA NA NA NA NA
"1131" NA NA NA NA NA
"1133" NA NA NA NA NA
"1142" NA NA NA NA NA
"1143" NA NA NA NA NA
"1146" NA NA NA NA NA
"1150" NA NA NA NA NA
"1152" NA NA NA NA NA
"1153" NA NA NA NA NA
"1154" NA NA NA NA NA
"1156" NA NA NA NA NA
"1160" NA NA NA NA NA
"1162" NA NA NA NA NA
"1163" NA NA NA NA NA
"1164" NA NA NA NA NA
"1166" NA NA NA NA NA
"1168" NA NA NA NA NA
"1169" NA NA NA NA NA
"1170" NA NA NA NA NA
"1171" NA NA NA NA NA
"1173" NA NA NA NA NA
"1174" NA NA NA NA NA
"1178" NA NA NA NA NA
"1179" NA NA NA NA NA
"2101" NA NA NA NA NA
"2102" NA NA NA NA NA
"2103" NA NA NA NA NA
"2104" NA NA NA NA NA
"2105" NA NA NA NA NA
"2106" NA NA NA NA NA
"2109" NA NA NA NA NA
"2115" NA NA NA NA NA
"2117" NA NA NA NA NA
"2118" NA NA NA NA NA
"2120" NA NA NA NA NA
"2121" NA NA NA NA NA
"2122" NA NA NA NA NA
"2123" NA NA NA NA NA
"2124" NA NA NA NA NA
"3001" NA NA NA NA NA
"3002" NA NA NA NA NA
"3003" NA NA NA NA NA
"3004" NA NA NA NA NA
"3005" NA NA NA NA NA
"3006" NA NA NA NA NA
"3008" NA NA NA NA NA
"3009" NA NA NA NA NA
"3010" NA NA NA NA NA
"3016" NA NA NA NA NA
"3017" NA NA NA NA NA
"3025" NA NA NA NA NA
"3027" NA NA NA NA NA
"3030" NA NA NA NA NA
"3033" NA NA NA NA NA
"3034" NA NA NA NA NA
"3039" NA NA NA NA NA
"5006" NA NA NA NA NA
"5007" NA NA NA NA NA
"5014" NA NA NA NA NA
"5023" NA NA NA NA NA
"5035" NA NA NA NA NA
"6001" NA NA NA NA NA
