"CD4 TCM" "CD4 Naive" "CD4 Regulatory" "CD4 Cytotoxic" "CD4 TEM"
"1103" 31.9612590799031 21.5496368038741 2.6634382566586 15.9806295399516 27.8450363196126
"1107" 56.5217391304348 0 2.17391304347826 8.69565217391304 32.6086956521739
"1108" 32.8358208955224 4.47761194029851 2.98507462686567 41.7910447761194 17.910447761194
"1109" 18.4210526315789 72.3684210526316 2.63157894736842 5.26315789473684 1.31578947368421
"1112" 22.2222222222222 33.3333333333333 4.44444444444444 6.66666666666667 33.3333333333333
"1113" 45.4756380510441 40.1392111368909 4.17633410672854 3.94431554524362 6.26450116009281
"1117" 32.5153374233129 55.2147239263804 4.29447852760736 0 7.97546012269939
"1126" 38.2513661202186 39.8907103825137 4.37158469945355 3.27868852459016 14.207650273224
"1132" 31.5112540192926 15.4340836012862 0.643086816720257 44.6945337620579 7.71704180064309
"1135" 47.39336492891 29.3838862559242 3.7914691943128 6.16113744075829 13.2701421800948
"1136" 53.9792387543253 33.9100346020761 2.7681660899654 1.03806228373702 8.30449826989619
"1137" 60.9756097560976 14.6341463414634 2.4390243902439 7.31707317073171 14.6341463414634
"1138" 48.4536082474227 25.7731958762887 2.06185567010309 0 23.7113402061856
"1139" 32.1256038647343 32.1256038647343 2.65700483091787 23.9130434782609 9.17874396135266
"1141" 44.5454545454545 33.6363636363636 4.54545454545455 5.45454545454545 11.8181818181818
"1147" 15.5555555555556 0 4.44444444444444 43.3333333333333 36.6666666666667
"1149" 0 0 0 25 75
"1151" 40 0 8 0 52
"1155" 34.4827586206897 0 10.3448275862069 10.3448275862069 44.8275862068966
"1157" 39.7849462365591 6.45161290322581 6.45161290322581 1.0752688172043 46.2365591397849
"1158" 54.7945205479452 2.73972602739726 8.21917808219178 1.36986301369863 32.8767123287671
"1159" 23.2758620689655 7.75862068965517 3.44827586206897 11.2068965517241 54.3103448275862
"1161" 15.7894736842105 0 23.6842105263158 2.63157894736842 57.8947368421053
"1165" 50 0 0 0 50
"1167" 52.6315789473684 0 10.5263157894737 0 36.8421052631579
"1172" 12.5 0 0 62.5 25
"1175" 51.6666666666667 20.5555555555556 3.33333333333333 8.88888888888889 15.5555555555556
"1176" 26.1904761904762 0 7.14285714285714 38.0952380952381 28.5714285714286
"1180" 29.4117647058824 26.4705882352941 11.7647058823529 17.6470588235294 14.7058823529412
"1181" 40.9836065573771 8.19672131147541 3.27868852459016 13.1147540983607 34.4262295081967
"1182" 28.7878787878788 9.09090909090909 4.54545454545455 48.4848484848485 9.09090909090909
"2107" 0 0 25 37.5 37.5
"2108" 25.9259259259259 0 37.037037037037 22.2222222222222 14.8148148148148
"2110" 21.7391304347826 4.34782608695652 17.3913043478261 26.0869565217391 30.4347826086957
"2111" 30.4347826086957 0 6.52173913043478 0 63.0434782608696
"2112" 26.3157894736842 0 47.3684210526316 10.5263157894737 15.7894736842105
"2113" 25.7142857142857 5.71428571428571 0 45.7142857142857 22.8571428571429
"2114" 42.1052631578947 5.26315789473684 15.7894736842105 10.5263157894737 26.3157894736842
"2116" 75 0 0 25 0
"3007" 32.5301204819277 42.570281124498 5.22088353413655 4.81927710843374 14.859437751004
"3011" 100 0 0 0 0
"3012" 17.4377224199288 9.9644128113879 0.711743772241993 63.3451957295374 8.54092526690392
"3013" 31.6831683168317 50.4950495049505 0 10.8910891089109 6.93069306930693
"3014" 55.0561797752809 31.9101123595506 2.92134831460674 4.9438202247191 5.1685393258427
"3015" 81.8181818181818 0 9.09090909090909 0 9.09090909090909
"3018" 40.1709401709402 1.70940170940171 4.27350427350427 5.12820512820513 48.7179487179487
"3019" 28.2051282051282 6.41025641025641 1.28205128205128 17.9487179487179 46.1538461538462
"3020" 17.0212765957447 1.06382978723404 0 39.3617021276596 42.5531914893617
"3021" 46.9135802469136 11.1111111111111 9.87654320987654 3.7037037037037 28.3950617283951
"3022" 32.7683615819209 1.69491525423729 5.08474576271187 10.1694915254237 50.2824858757062
"3023" 39.0070921985816 4.25531914893617 9.9290780141844 21.2765957446809 25.531914893617
"3024" 17.7489177489178 7.35930735930736 3.8961038961039 46.3203463203463 24.6753246753247
"3026" 40 2.85714285714286 4.28571428571429 17.1428571428571 35.7142857142857
"3028" 24.251497005988 0.598802395209581 4.79041916167665 15.8682634730539 54.4910179640719
"3029" 100 0 0 0 0
"3031" 0 0 100 0 0
"3032" 42.0454545454545 1.13636363636364 7.95454545454545 19.3181818181818 29.5454545454545
"3035" 45.4545454545455 3.03030303030303 12.1212121212121 12.1212121212121 27.2727272727273
"3037" 0 50 0 50 0
"5001" 32.7586206896552 8.62068965517241 5.17241379310345 41.3793103448276 12.0689655172414
"5002" 56.25 8.33333333333333 4.16666666666667 0 31.25
"5003" 31.8181818181818 3.40909090909091 21.5909090909091 0 43.1818181818182
"5004" 49.7267759562842 21.3114754098361 7.65027322404372 0 21.3114754098361
"5005" 58.8235294117647 0 0 5.88235294117647 35.2941176470588
"5008" 19.6428571428571 1.78571428571429 8.92857142857143 46.4285714285714 23.2142857142857
"5009" 53.3333333333333 0 20 6.66666666666667 20
"5010" 18.8461538461538 4.23076923076923 3.46153846153846 25 48.4615384615385
"5011" 42.4778761061947 1.76991150442478 4.42477876106195 1.76991150442478 49.5575221238938
"5012" 52.2388059701493 13.4328358208955 4.47761194029851 0 29.8507462686567
"5013" 18.5185185185185 0.740740740740741 2.22222222222222 57.037037037037 21.4814814814815
"5015" 38.2978723404255 41.4893617021277 4.25531914893617 1.06382978723404 14.8936170212766
"5016" 51.6806722689076 13.4453781512605 2.94117647058824 10.0840336134454 21.8487394957983
"5017" 56 16 20 4 4
"5018" 0 100 0 0 0
"5019" 20 0 40 0 40
"5020" 0 11.1111111111111 55.5555555555556 0 33.3333333333333
"5021" 100 0 0 0 0
"5022" 39.5833333333333 8.33333333333333 16.6666666666667 2.08333333333333 33.3333333333333
"5024" 35.5670103092784 5.67010309278351 1.03092783505155 6.70103092783505 51.0309278350515
"5026" 0 0 0 100 0
"5027" 40 10.3030303030303 7.87878787878788 7.27272727272727 34.5454545454545
"5028" 66.6666666666667 0 0 0 33.3333333333333
"5029" 47.7272727272727 6.81818181818182 18.1818181818182 0 27.2727272727273
"5030" 37.2549019607843 6.86274509803922 17.6470588235294 2.94117647058824 35.2941176470588
"5031" 36.3636363636364 15.1515151515152 12.1212121212121 0 36.3636363636364
"5032" 42.8571428571429 5.71428571428571 8.57142857142857 0 42.8571428571429
"5033" 58.6206896551724 20.6896551724138 6.20689655172414 0.689655172413793 13.7931034482759
"5034" 57.1428571428571 7.14285714285714 7.14285714285714 0 28.5714285714286
"5036" 9.09090909090909 0 9.09090909090909 68.1818181818182 13.6363636363636
"5037" 66.6666666666667 0 0 33.3333333333333 0
"5038" 40 0 40 0 20
"1101" NA NA NA NA NA
"1102" NA NA NA NA NA
"1104" NA NA NA NA NA
"1105" NA NA NA NA NA
"1106" NA NA NA NA NA
"1110" NA NA NA NA NA
"1111" NA NA NA NA NA
"1114" NA NA NA NA NA
"1115" NA NA NA NA NA
"1116" NA NA NA NA NA
"1118" NA NA NA NA NA
"1119" NA NA NA NA NA
"1120" NA NA NA NA NA
"1122" NA NA NA NA NA
"1123" NA NA NA NA NA
"1125" NA NA NA NA NA
"1127" NA NA NA NA NA
"1128" NA NA NA NA NA
"1129" NA NA NA NA NA
"1130" NA NA NA NA NA
"1131" NA NA NA NA NA
"1133" NA NA NA NA NA
"1142" NA NA NA NA NA
"1143" NA NA NA NA NA
"1146" NA NA NA NA NA
"1150" NA NA NA NA NA
"1152" NA NA NA NA NA
"1153" NA NA NA NA NA
"1154" NA NA NA NA NA
"1156" NA NA NA NA NA
"1160" NA NA NA NA NA
"1162" NA NA NA NA NA
"1163" NA NA NA NA NA
"1164" NA NA NA NA NA
"1166" NA NA NA NA NA
"1168" NA NA NA NA NA
"1169" NA NA NA NA NA
"1170" NA NA NA NA NA
"1171" NA NA NA NA NA
"1173" NA NA NA NA NA
"1174" NA NA NA NA NA
"1178" NA NA NA NA NA
"1179" NA NA NA NA NA
"2101" NA NA NA NA NA
"2102" NA NA NA NA NA
"2103" NA NA NA NA NA
"2104" NA NA NA NA NA
"2105" NA NA NA NA NA
"2106" NA NA NA NA NA
"2109" NA NA NA NA NA
"2115" NA NA NA NA NA
"2117" NA NA NA NA NA
"2118" NA NA NA NA NA
"2120" NA NA NA NA NA
"2121" NA NA NA NA NA
"2122" NA NA NA NA NA
"2123" NA NA NA NA NA
"2124" NA NA NA NA NA
"3001" NA NA NA NA NA
"3002" NA NA NA NA NA
"3003" NA NA NA NA NA
"3004" NA NA NA NA NA
"3005" NA NA NA NA NA
"3006" NA NA NA NA NA
"3008" NA NA NA NA NA
"3009" NA NA NA NA NA
"3010" NA NA NA NA NA
"3016" NA NA NA NA NA
"3017" NA NA NA NA NA
"3025" NA NA NA NA NA
"3027" NA NA NA NA NA
"3030" NA NA NA NA NA
"3033" NA NA NA NA NA
"3034" NA NA NA NA NA
"3039" NA NA NA NA NA
"5006" NA NA NA NA NA
"5007" NA NA NA NA NA
"5014" NA NA NA NA NA
"5023" NA NA NA NA NA
"5035" NA NA NA NA NA
"6001" NA NA NA NA NA
