"CD8 Naive" "CD8 Cytotoxic" "CD8 TEM" "CD8 TCM"
"1103" 2.01511335012594 51.6372795969773 23.6775818639798 22.6700251889169
"1107" 0 50 41.1764705882353 8.82352941176471
"1108" 0.884955752212389 53.0973451327434 19.4690265486726 26.5486725663717
"1109" 53.8461538461538 19.2307692307692 9.23076923076923 17.6923076923077
"1112" 18.1818181818182 40.9090909090909 31.8181818181818 9.09090909090909
"1113" 31.0945273631841 31.3432835820896 10.1990049751244 27.363184079602
"1117" 36.1313868613139 6.93430656934307 15.6934306569343 41.2408759124088
"1126" 16.4609053497942 27.5720164609054 16.4609053497942 39.5061728395062
"1132" 3.71024734982332 45.7597173144876 17.6678445229682 32.8621908127208
"1135" 7.6555023923445 35.4066985645933 25.3588516746411 31.5789473684211
"1136" 8.69565217391304 27.3291925465839 22.8571428571429 41.1180124223603
"1137" 0 49.1442542787286 28.8508557457213 22.0048899755501
"1138" 39.7727272727273 18.75 15.3409090909091 26.1363636363636
"1139" 11.3323124042879 35.6814701378254 16.385911179173 36.6003062787136
"1141" 19.047619047619 48.8095238095238 8.33333333333333 23.8095238095238
"1147" 0 56.1643835616438 26.027397260274 17.8082191780822
"1149" 0 60 20 20
"1151" 0 39.6551724137931 46.551724137931 13.7931034482759
"1155" 0 22.5 47.5 30
"1157" 4.76190476190476 16.6666666666667 54.7619047619048 23.8095238095238
"1158" 0 31.858407079646 44.2477876106195 23.8938053097345
"1159" 2.85714285714286 62.1428571428571 20.7142857142857 14.2857142857143
"1161" 0 9.09090909090909 69.6969696969697 21.2121212121212
"1165" 0 33.3333333333333 33.3333333333333 33.3333333333333
"1167" 0 65.7142857142857 22.8571428571429 11.4285714285714
"1172" 0 25 25 50
"1175" 6.99588477366255 48.1481481481481 21.8106995884774 23.0452674897119
"1176" 1.8018018018018 31.5315315315315 44.1441441441441 22.5225225225225
"1180" 6.75675675675676 49.0990990990991 16.6666666666667 27.4774774774775
"1181" 1.55038759689922 36.4341085271318 43.4108527131783 18.6046511627907
"1182" 5.55555555555556 48.8888888888889 15.5555555555556 30
"2107" 0 57.1428571428571 28.5714285714286 14.2857142857143
"2108" 2.27272727272727 38.6363636363636 27.2727272727273 31.8181818181818
"2110" 8.33333333333333 25 41.6666666666667 25
"2111" 4.59770114942529 41.3793103448276 39.0804597701149 14.9425287356322
"2112" 7.31707317073171 39.0243902439024 39.0243902439024 14.6341463414634
"2113" 2.08333333333333 46.5277777777778 23.6111111111111 27.7777777777778
"2114" 10.8108108108108 18.9189189189189 64.8648648648649 5.40540540540541
"2116" 8.33333333333333 33.3333333333333 8.33333333333333 50
"3007" 25.8358662613982 31.6109422492401 20.3647416413374 22.1884498480243
"3011" 0 50 50 0
"3012" 4.14507772020725 51.8134715025907 16.3212435233161 27.720207253886
"3013" 4.49438202247191 64.0449438202247 12.0786516853933 19.3820224719101
"3014" 20.4946996466431 13.9575971731449 13.4275618374558 52.1201413427562
"3015" 0 0 10 90
"3018" 4.5 37.5 28.5 29.5
"3019" 0 45.3125 34.375 20.3125
"3020" 2.40963855421687 67.4698795180723 19.2771084337349 10.8433734939759
"3021" 8.04597701149425 51.7241379310345 19.5402298850575 20.6896551724138
"3022" 0.78740157480315 15.748031496063 55.1181102362205 28.3464566929134
"3023" 0.904977375565611 40.7239819004525 44.7963800904977 13.5746606334842
"3024" 5.29801324503311 54.3046357615894 23.1788079470199 17.2185430463576
"3026" 0 26.8292682926829 48.780487804878 24.390243902439
"3028" 0 53.7604456824513 41.7827298050139 4.45682451253482
"3029" 50 50 0 0
"3031" NA NA NA NA
"3032" 0.980392156862745 42.156862745098 33.3333333333333 23.5294117647059
"3035" 4 20 48 28
"3037" 16.6666666666667 50 11.1111111111111 22.2222222222222
"5001" 11.5384615384615 36.5384615384615 36.5384615384615 15.3846153846154
"5002" 2.63157894736842 28.9473684210526 36.8421052631579 31.5789473684211
"5003" 1.88679245283019 28.3018867924528 47.1698113207547 22.6415094339623
"5004" 10.752688172043 9.67741935483871 37.6344086021505 41.9354838709677
"5005" 14.2857142857143 50 28.5714285714286 7.14285714285714
"5008" 3.8961038961039 67.5324675324675 19.4805194805195 9.09090909090909
"5009" 0 0 100 0
"5010" 2.17391304347826 66.0869565217391 23.9130434782609 7.82608695652174
"5011" 0.892857142857143 17.8571428571429 61.6071428571429 19.6428571428571
"5012" 16.6666666666667 25 16.6666666666667 41.6666666666667
"5013" 0 41.5094339622642 43.3962264150943 15.0943396226415
"5015" 5.40540540540541 53.1531531531532 18.018018018018 23.4234234234234
"5016" 0.970873786407767 59.2233009708738 22.3300970873786 17.4757281553398
"5017" 0 28.5714285714286 14.2857142857143 57.1428571428571
"5018" 0 75 25 0
"5019" NA NA NA NA
"5020" 0 11.1111111111111 66.6666666666667 22.2222222222222
"5021" NA NA NA NA
"5022" 2.77777777777778 30.5555555555556 33.3333333333333 33.3333333333333
"5024" 1.23456790123457 48.1481481481481 38.2716049382716 12.3456790123457
"5026" 0 0 100 0
"5027" 2.85714285714286 20 51.4285714285714 25.7142857142857
"5028" NA NA NA NA
"5029" 7.89473684210526 5.26315789473684 47.3684210526316 39.4736842105263
"5030" 1.04166666666667 46.875 35.4166666666667 16.6666666666667
"5031" 0 0 66.6666666666667 33.3333333333333
"5032" 12.9032258064516 16.1290322580645 38.7096774193548 32.258064516129
"5033" 3.2258064516129 9.67741935483871 41.9354838709677 45.1612903225806
"5034" 0 25 75 0
"5036" 0 28.5714285714286 71.4285714285714 0
"5037" 0 33.3333333333333 66.6666666666667 0
"5038" 0 0 100 0
"1101" NA NA NA NA
"1102" NA NA NA NA
"1104" NA NA NA NA
"1105" NA NA NA NA
"1106" NA NA NA NA
"1110" NA NA NA NA
"1111" NA NA NA NA
"1114" NA NA NA NA
"1115" NA NA NA NA
"1116" NA NA NA NA
"1118" NA NA NA NA
"1119" NA NA NA NA
"1120" NA NA NA NA
"1122" NA NA NA NA
"1123" NA NA NA NA
"1125" NA NA NA NA
"1127" NA NA NA NA
"1128" NA NA NA NA
"1129" NA NA NA NA
"1130" NA NA NA NA
"1131" NA NA NA NA
"1133" NA NA NA NA
"1142" NA NA NA NA
"1143" NA NA NA NA
"1146" NA NA NA NA
"1150" NA NA NA NA
"1152" NA NA NA NA
"1153" NA NA NA NA
"1154" NA NA NA NA
"1156" NA NA NA NA
"1160" NA NA NA NA
"1162" NA NA NA NA
"1163" NA NA NA NA
"1164" NA NA NA NA
"1166" NA NA NA NA
"1168" NA NA NA NA
"1169" NA NA NA NA
"1170" NA NA NA NA
"1171" NA NA NA NA
"1173" NA NA NA NA
"1174" NA NA NA NA
"1178" NA NA NA NA
"1179" NA NA NA NA
"2101" NA NA NA NA
"2102" NA NA NA NA
"2103" NA NA NA NA
"2104" NA NA NA NA
"2105" NA NA NA NA
"2106" NA NA NA NA
"2109" NA NA NA NA
"2115" NA NA NA NA
"2117" NA NA NA NA
"2118" NA NA NA NA
"2120" NA NA NA NA
"2121" NA NA NA NA
"2122" NA NA NA NA
"2123" NA NA NA NA
"2124" NA NA NA NA
"3001" NA NA NA NA
"3002" NA NA NA NA
"3003" NA NA NA NA
"3004" NA NA NA NA
"3005" NA NA NA NA
"3006" NA NA NA NA
"3008" NA NA NA NA
"3009" NA NA NA NA
"3010" NA NA NA NA
"3016" NA NA NA NA
"3017" NA NA NA NA
"3025" NA NA NA NA
"3027" NA NA NA NA
"3030" NA NA NA NA
"3033" NA NA NA NA
"3034" NA NA NA NA
"3039" NA NA NA NA
"5006" NA NA NA NA
"5007" NA NA NA NA
"5014" NA NA NA NA
"5023" NA NA NA NA
"5035" NA NA NA NA
"6001" NA NA NA NA
