"CD8 Naive" "CD8 Cytotoxic" "CD8 TEM" "CD8 TCM"
"1103" 2.59433962264151 52.3584905660377 23.8207547169811 21.2264150943396
"1107" 2.89855072463768 50.7246376811594 34.7826086956522 11.5942028985507
"1108" 0.8 55.2 20.8 23.2
"1109" 53.6764705882353 22.0588235294118 11.7647058823529 12.5
"1112" 19.1176470588235 39.7058823529412 32.3529411764706 8.82352941176471
"1113" 30.5825242718447 32.0388349514563 10.1941747572816 27.1844660194175
"1117" 37.1428571428571 7.14285714285714 15.3571428571429 40.3571428571429
"1126" 14.859437751004 31.3253012048193 15.6626506024096 38.1526104417671
"1132" 3.73983739837398 46.6666666666667 14.4715447154472 35.1219512195122
"1135" 8.07174887892377 38.5650224215247 25.5605381165919 27.8026905829596
"1136" 8.35140997830803 34.5986984815618 22.6681127982646 34.3817787418655
"1137" 0 49.1686460807601 29.9287410926366 20.9026128266033
"1138" 39.010989010989 18.1318681318681 19.7802197802198 23.0769230769231
"1139" 11.4705882352941 37.2058823529412 15.7352941176471 35.5882352941176
"1141" 18.8235294117647 51.7647058823529 9.41176470588235 20
"1147" 0 52.6315789473684 31.5789473684211 15.7894736842105
"1149" 0 50 33.3333333333333 16.6666666666667
"1151" 0 40.3225806451613 48.3870967741936 11.2903225806452
"1155" 0 22.7272727272727 50 27.2727272727273
"1157" 4.34782608695652 23.9130434782609 54.3478260869565 17.3913043478261
"1158" 0 33.8345864661654 49.6240601503759 16.5413533834586
"1159" 3.05084745762712 61.0169491525424 26.4406779661017 9.49152542372881
"1161" 0 5.71428571428571 74.2857142857143 20
"1165" 0 45.4545454545455 36.3636363636364 18.1818181818182
"1167" 0 58.5365853658537 36.5853658536585 4.8780487804878
"1172" 0 25 75 0
"1175" 6.82730923694779 48.5943775100402 24.0963855421687 20.4819277108434
"1176" 1.8018018018018 30.6306306306306 44.1441441441441 23.4234234234234
"1180" 6.75105485232067 51.0548523206751 18.1434599156118 24.0506329113924
"1181" 3.2051282051282 34.6153846153846 46.1538461538462 16.025641025641
"1182" 4.12371134020619 52.5773195876289 19.5876288659794 23.7113402061856
"2107" 0 35.7142857142857 57.1428571428571 7.14285714285714
"2108" 9.25925925925926 42.5925925925926 27.7777777777778 20.3703703703704
"2110" 0 33.3333333333333 20 46.6666666666667
"2111" 4.44444444444444 41.1111111111111 37.7777777777778 16.6666666666667
"2112" 4.44444444444444 46.6666666666667 40 8.88888888888889
"2113" 2.63157894736842 46.0526315789474 28.9473684210526 22.3684210526316
"2114" 7.5 20 60 12.5
"2116" 18.1818181818182 18.1818181818182 18.1818181818182 45.4545454545455
"3007" 26.3768115942029 35.9420289855072 21.7391304347826 15.9420289855072
"3011" 0 50 50 0
"3012" 4.01002506265664 56.8922305764411 12.0300751879699 27.0676691729323
"3013" 5.61497326203209 65.5080213903743 9.62566844919786 19.2513368983957
"3014" 20.8041958041958 15.2097902097902 12.5874125874126 51.3986013986014
"3015" 0 0 10 90
"3018" 5.19480519480519 37.2294372294372 33.3333333333333 24.2424242424242
"3019" 0.740740740740741 46.6666666666667 33.3333333333333 19.2592592592593
"3020" 2.22222222222222 63.3333333333333 22.2222222222222 12.2222222222222
"3021" 7.60869565217391 53.2608695652174 29.3478260869565 9.78260869565217
"3022" 0.769230769230769 14.6153846153846 57.6923076923077 26.9230769230769
"3023" 0.881057268722467 44.4933920704846 43.6123348017621 11.0132158590308
"3024" 4.48717948717949 56.0897435897436 26.6025641025641 12.8205128205128
"3026" 0 25 52.2727272727273 22.7272727272727
"3028" 0.271739130434783 53.5326086956522 43.2065217391304 2.98913043478261
"3029" 0 66.6666666666667 0 33.3333333333333
"3031" NA NA NA NA
"3032" 0.943396226415094 42.4528301886792 36.7924528301887 19.811320754717
"3035" 3.84615384615385 23.0769230769231 50 23.0769230769231
"3037" 21.0526315789474 36.8421052631579 21.0526315789474 21.0526315789474
"1101" NA NA NA NA
"1102" NA NA NA NA
"1104" NA NA NA NA
"1105" NA NA NA NA
"1106" NA NA NA NA
"1110" NA NA NA NA
"1111" NA NA NA NA
"1114" NA NA NA NA
"1115" NA NA NA NA
"1116" NA NA NA NA
"1118" NA NA NA NA
"1119" NA NA NA NA
"1120" NA NA NA NA
"1122" NA NA NA NA
"1123" NA NA NA NA
"1125" NA NA NA NA
"1127" NA NA NA NA
"1128" NA NA NA NA
"1129" NA NA NA NA
"1130" NA NA NA NA
"1131" NA NA NA NA
"1133" NA NA NA NA
"1142" NA NA NA NA
"1143" NA NA NA NA
"1146" NA NA NA NA
"1150" NA NA NA NA
"1152" NA NA NA NA
"1153" NA NA NA NA
"1154" NA NA NA NA
"1156" NA NA NA NA
"1160" NA NA NA NA
"1162" NA NA NA NA
"1163" NA NA NA NA
"1164" NA NA NA NA
"1166" NA NA NA NA
"1168" NA NA NA NA
"1169" NA NA NA NA
"1170" NA NA NA NA
"1171" NA NA NA NA
"1173" NA NA NA NA
"1174" NA NA NA NA
"1178" NA NA NA NA
"1179" NA NA NA NA
"2101" NA NA NA NA
"2102" NA NA NA NA
"2103" NA NA NA NA
"2104" NA NA NA NA
"2105" NA NA NA NA
"2106" NA NA NA NA
"2109" NA NA NA NA
"2115" NA NA NA NA
"2117" NA NA NA NA
"2118" NA NA NA NA
"2120" NA NA NA NA
"2121" NA NA NA NA
"2122" NA NA NA NA
"2123" NA NA NA NA
"2124" NA NA NA NA
"3001" NA NA NA NA
"3002" NA NA NA NA
"3003" NA NA NA NA
"3004" NA NA NA NA
"3005" NA NA NA NA
"3006" NA NA NA NA
"3008" NA NA NA NA
"3009" NA NA NA NA
"3010" NA NA NA NA
"3016" NA NA NA NA
"3017" NA NA NA NA
"3025" NA NA NA NA
"3027" NA NA NA NA
"3030" NA NA NA NA
"3033" NA NA NA NA
"3034" NA NA NA NA
"3039" NA NA NA NA
