"CD8 KIR+" "CD8 Naive" "CD8 Cytotoxic" "CD8 TEM" "CD8 TCM"
"1103" 4.85436893203883 2.42718446601942 52.4271844660194 18.4466019417476 21.8446601941748
"1107" 6.15384615384615 3.07692307692308 49.2307692307692 33.8461538461538 7.69230769230769
"1108" 3.50877192982456 0.87719298245614 57.0175438596491 12.280701754386 26.3157894736842
"1109" 2.30769230769231 54.6153846153846 20 8.46153846153846 14.6153846153846
"1112" 1.51515151515152 18.1818181818182 39.3939393939394 30.3030303030303 10.6060606060606
"1113" 0.980392156862745 30.1470588235294 33.8235294117647 8.82352941176471 26.2254901960784
"1117" 1.11111111111111 36.2962962962963 7.40740740740741 14.0740740740741 41.1111111111111
"1126" 0.408163265306122 15.9183673469388 31.4285714285714 14.2857142857143 37.9591836734694
"1132" 0.853242320819113 3.24232081911263 51.5358361774744 12.7986348122867 31.5699658703072
"1135" 2.28310502283105 8.21917808219178 39.2694063926941 21.9178082191781 28.310502283105
"1136" 4.47585394581861 8.36277974087161 28.9752650176678 20.1413427561837 38.0447585394582
"1137" 2.17917675544794 0 50.8474576271186 26.634382566586 20.3389830508475
"1138" 3.82513661202186 37.7049180327869 20.7650273224044 16.3934426229508 21.3114754098361
"1139" 2.54872563718141 11.2443778110945 39.1304347826087 14.6926536731634 32.383808095952
"1141" 0 17.8571428571429 51.1904761904762 9.52380952380952 21.4285714285714
"1147" 2.63157894736842 0 57.8947368421053 23.6842105263158 15.7894736842105
"1149" 14.2857142857143 0 42.8571428571429 28.5714285714286 14.2857142857143
"1151" 9.72222222222222 0 43.0555555555556 36.1111111111111 11.1111111111111
"1155" 4.65116279069767 0 18.6046511627907 48.8372093023256 27.906976744186
"1157" 0 4.54545454545455 18.1818181818182 50 27.2727272727273
"1158" 9.23076923076923 0 32.3076923076923 37.6923076923077 20.7692307692308
"1159" 6.14334470989761 3.41296928327645 60.7508532423208 20.1365187713311 9.55631399317406
"1161" 14.2857142857143 0 2.85714285714286 60 22.8571428571429
"1165" 0 0 33.3333333333333 44.4444444444444 22.2222222222222
"1167" 12.1951219512195 0 58.5365853658537 17.0731707317073 12.1951219512195
"1172" 60 0 20 20 0
"1175" 0 6.9672131147541 52.0491803278688 20.0819672131148 20.9016393442623
"1176" 3.63636363636364 2.72727272727273 33.6363636363636 35.4545454545455 24.5454545454545
"1180" 3.125 6.69642857142857 50.8928571428571 15.1785714285714 24.1071428571429
"1181" 10.5633802816901 2.11267605633803 37.3239436619718 35.9154929577465 14.0845070422535
"1182" 8.79120879120879 5.49450549450549 51.6483516483517 10.989010989011 23.0769230769231
"2107" 9.09090909090909 0 45.4545454545455 27.2727272727273 18.1818181818182
"2108" 8.16326530612245 2.04081632653061 40.8163265306122 18.3673469387755 30.6122448979592
"2110" 0 0 36.3636363636364 27.2727272727273 36.3636363636364
"2111" 1.13636363636364 3.40909090909091 45.4545454545455 34.0909090909091 15.9090909090909
"2112" 0 2.7027027027027 40.5405405405405 37.8378378378378 18.9189189189189
"2113" 1.36986301369863 2.05479452054794 50 23.2876712328767 23.2876712328767
"2114" 0 5.26315789473684 18.4210526315789 52.6315789473684 23.6842105263158
"2116" 0 16.6666666666667 33.3333333333333 16.6666666666667 33.3333333333333
"3007" 1.76470588235294 25.2941176470588 33.5294117647059 16.1764705882353 23.2352941176471
"3011" 0 0 50 50 0
"3012" 1.53452685421995 4.85933503836317 56.7774936061381 12.0204603580563 24.8081841432225
"3013" 1.10497237569061 4.14364640883978 68.5082872928177 8.83977900552486 17.4033149171271
"3014" 1.06761565836299 20.8185053380783 17.7935943060498 11.0320284697509 49.288256227758
"3015" 0 0 0 20 80
"3018" 7.37327188940092 3.2258064516129 37.3271889400922 25.3456221198157 26.7281105990783
"3019" 3.07692307692308 0.769230769230769 48.4615384615385 30 17.6923076923077
"3020" 2.29885057471264 2.29885057471264 64.367816091954 20.6896551724138 10.3448275862069
"3021" 11.2359550561798 5.61797752808989 52.8089887640449 19.1011235955056 11.2359550561798
"3022" 3.10077519379845 0.775193798449612 17.0542635658915 48.8372093023256 30.2325581395349
"3023" 3.07017543859649 1.31578947368421 46.9298245614035 35.0877192982456 13.5964912280702
"3024" 3.27868852459016 4.59016393442623 57.7049180327869 21.3114754098361 13.1147540983607
"3026" 2.38095238095238 0 23.8095238095238 47.6190476190476 26.1904761904762
"3028" 1.92307692307692 0 54.1208791208791 39.010989010989 4.94505494505495
"3029" 0 0 66.6666666666667 0 33.3333333333333
"3031" NA NA NA NA NA
"3032" 2.97029702970297 0.99009900990099 42.5742574257426 30.6930693069307 22.7722772277228
"3035" 0 3.84615384615385 23.0769230769231 42.3076923076923 30.7692307692308
"3037" 0 26.3157894736842 47.3684210526316 15.7894736842105 10.5263157894737
"5001" 3.77358490566038 13.2075471698113 45.2830188679245 30.188679245283 7.54716981132075
"5002" 0 2.63157894736842 31.5789473684211 36.8421052631579 28.9473684210526
"5003" 1.81818181818182 0 30.9090909090909 41.8181818181818 25.4545454545455
"5004" 3.09278350515464 9.27835051546392 12.3711340206186 35.0515463917526 40.2061855670103
"5005" 0 6.25 56.25 31.25 6.25
"5008" 2.63157894736842 3.94736842105263 71.0526315789474 14.4736842105263 7.89473684210526
"5009" 0 0 0 100 0
"5010" 3.8961038961039 2.16450216450216 60.6060606060606 26.4069264069264 6.92640692640693
"5011" 6.30630630630631 1.8018018018018 18.9189189189189 57.6576576576577 15.3153153153153
"5012" 0 16.6666666666667 25 8.33333333333333 50
"5013" 0 0 47.1698113207547 39.622641509434 13.2075471698113
"5015" 4.3859649122807 5.26315789473684 53.5087719298246 16.6666666666667 20.1754385964912
"5016" 2.41545893719807 0.966183574879227 59.9033816425121 18.8405797101449 17.8743961352657
"5017" 0 0 28.5714285714286 14.2857142857143 57.1428571428571
"5018" 0 0 50 50 0
"5019" NA NA NA NA NA
"5020" 25 0 16.6666666666667 41.6666666666667 16.6666666666667
"5021" 0 0 0 100 0
"5022" 0 2.85714285714286 31.4285714285714 34.2857142857143 31.4285714285714
"5024" 13.8297872340426 1.06382978723404 40.4255319148936 32.9787234042553 11.7021276595745
"5026" 0 0 0 100 0
"5027" 0 0 19.3548387096774 45.1612903225806 35.4838709677419
"5028" NA NA NA NA NA
"5029" 2.7027027027027 8.10810810810811 8.10810810810811 37.8378378378378 43.2432432432432
"5030" 1.02040816326531 2.04081632653061 47.9591836734694 30.6122448979592 18.3673469387755
"5031" 0 0 0 33.3333333333333 66.6666666666667
"5032" 3.03030303030303 12.1212121212121 18.1818181818182 36.3636363636364 30.3030303030303
"5033" 9.375 6.25 9.375 31.25 43.75
"5034" 100 0 0 0 0
"5036" 0 0 33.3333333333333 33.3333333333333 33.3333333333333
"5037" 0 0 20 60 20
"5038" NA NA NA NA NA
"1101" NA NA NA NA NA
"1102" NA NA NA NA NA
"1104" NA NA NA NA NA
"1105" NA NA NA NA NA
"1106" NA NA NA NA NA
"1110" NA NA NA NA NA
"1111" NA NA NA NA NA
"1114" NA NA NA NA NA
"1115" NA NA NA NA NA
"1116" NA NA NA NA NA
"1118" NA NA NA NA NA
"1119" NA NA NA NA NA
"1120" NA NA NA NA NA
"1122" NA NA NA NA NA
"1123" NA NA NA NA NA
"1125" NA NA NA NA NA
"1127" NA NA NA NA NA
"1128" NA NA NA NA NA
"1129" NA NA NA NA NA
"1130" NA NA NA NA NA
"1131" NA NA NA NA NA
"1133" NA NA NA NA NA
"1142" NA NA NA NA NA
"1143" NA NA NA NA NA
"1146" NA NA NA NA NA
"1150" NA NA NA NA NA
"1152" NA NA NA NA NA
"1153" NA NA NA NA NA
"1154" NA NA NA NA NA
"1156" NA NA NA NA NA
"1160" NA NA NA NA NA
"1162" NA NA NA NA NA
"1163" NA NA NA NA NA
"1164" NA NA NA NA NA
"1166" NA NA NA NA NA
"1168" NA NA NA NA NA
"1169" NA NA NA NA NA
"1170" NA NA NA NA NA
"1171" NA NA NA NA NA
"1173" NA NA NA NA NA
"1174" NA NA NA NA NA
"1178" NA NA NA NA NA
"1179" NA NA NA NA NA
"2101" NA NA NA NA NA
"2102" NA NA NA NA NA
"2103" NA NA NA NA NA
"2104" NA NA NA NA NA
"2105" NA NA NA NA NA
"2106" NA NA NA NA NA
"2109" NA NA NA NA NA
"2115" NA NA NA NA NA
"2117" NA NA NA NA NA
"2118" NA NA NA NA NA
"2120" NA NA NA NA NA
"2121" NA NA NA NA NA
"2122" NA NA NA NA NA
"2123" NA NA NA NA NA
"2124" NA NA NA NA NA
"3001" NA NA NA NA NA
"3002" NA NA NA NA NA
"3003" NA NA NA NA NA
"3004" NA NA NA NA NA
"3005" NA NA NA NA NA
"3006" NA NA NA NA NA
"3008" NA NA NA NA NA
"3009" NA NA NA NA NA
"3010" NA NA NA NA NA
"3016" NA NA NA NA NA
"3017" NA NA NA NA NA
"3025" NA NA NA NA NA
"3027" NA NA NA NA NA
"3030" NA NA NA NA NA
"3033" NA NA NA NA NA
"3034" NA NA NA NA NA
"3039" NA NA NA NA NA
"5006" NA NA NA NA NA
"5007" NA NA NA NA NA
"5014" NA NA NA NA NA
"5023" NA NA NA NA NA
"5035" NA NA NA NA NA
"6001" NA NA NA NA NA
