"Capillary EC" "Venous EC" "Cycling Vascular Cells" "Pericyte" "VSMC 2" "VSMC 1" "Arterial EC"
"1103" 47.8527607361963 26.3803680981595 0 17.1779141104294 1.84049079754601 3.68098159509202 3.06748466257669
"1107" 67.0040485829959 7.08502024291498 0.202429149797571 13.7651821862348 0.202429149797571 1.417004048583 10.3238866396761
"1108" 55.4545454545455 20 0.909090909090909 9.09090909090909 4.54545454545455 5.45454545454545 4.54545454545455
"1109" 80 0 0 12.5 0 0 7.5
"1112" 70 0 0 22.5 2.5 0 5
"1113" 53.8461538461538 0 0 38.4615384615385 0 0 7.69230769230769
"1117" 95 5 0 0 0 0 0
"1126" 64.3835616438356 12.3287671232877 0 15.0684931506849 2.73972602739726 0 5.47945205479452
"1132" 60 0 0 20 0 0 20
"1135" 90 3.75 0 3.75 0 0 2.5
"1136" 86.7724867724868 0.529100529100529 0.529100529100529 8.99470899470899 0 0.529100529100529 2.64550264550265
"1137" 100 0 0 0 0 0 0
"1138" 64.1873278236915 7.43801652892562 0 15.4269972451791 1.10192837465565 2.20385674931129 9.64187327823691
"1139" 80.2631578947368 6.57894736842105 0 7.89473684210526 0 1.31578947368421 3.94736842105263
"1141" 47.0588235294118 41.1764705882353 0 0 0 0 11.7647058823529
"1147" 45.0310559006211 24.7929606625259 0.25879917184265 11.1801242236025 3.31262939958592 8.12629399585921 7.29813664596273
"1149" 75 2.5 0 5 0 5 12.5
"1151" 31.8480642804967 30.5332359386413 0.0730460189919649 9.38641344046749 8.07158509861213 12.527392257122 7.56026296566837
"1155" 46.5277777777778 17.4107142857143 0.148809523809524 11.5079365079365 3.3234126984127 9.42460317460317 11.656746031746
"1157" 42.0204978038067 17.7159590043924 0 23.5724743777452 4.099560761347 6.88140556368961 5.71010248901903
"1158" 57.1612903225806 23.0967741935484 0.516129032258065 8.51612903225806 0.258064516129032 2.96774193548387 7.48387096774194
"1159" 51.7709118311982 21.2509419743783 0.0753579502637528 12.509419743783 2.5621703089676 5.4257724189902 6.40542577241899
"1161" 53.927625772286 19.7705207413945 0 13.06266548985 2.29479258605472 4.14827890556046 6.79611650485437
"1165" 73.4513274336283 0.884955752212389 0 11.5044247787611 0.884955752212389 0.884955752212389 12.3893805309735
"1167" 66.8852459016394 2.73224043715847 0 20.4371584699454 0.327868852459016 3.27868852459016 6.33879781420765
"1172" 65.7142857142857 10.2857142857143 0 8 1.14285714285714 3.42857142857143 11.4285714285714
"1175" 71.2765957446808 8.05471124620061 0 8.81458966565349 0.759878419452888 2.27963525835866 8.81458966565349
"1176" 71.2138728323699 8.09248554913295 0.115606936416185 9.59537572254335 0.346820809248555 2.65895953757225 7.97687861271676
"1180" 71.7391304347826 11.5942028985507 0 5.07246376811594 0 2.89855072463768 8.69565217391304
"1181" 58.0758807588076 10.9214092140921 0.0813008130081301 13.9566395663957 1.65311653116531 4.98644986449865 10.3252032520325
"1182" 72.2222222222222 0 0 22.2222222222222 0 0 5.55555555555556
"2107" 64.3167972149695 14.8825065274151 0.174064403829417 6.09225413402959 3.82941688424717 4.43864229765013 6.26631853785901
"2108" 53.4169692967976 23.6381644106966 0.0330141961043249 8.45163420270717 1.84879498184219 5.94255529877848 6.66886761307362
"2110" 54.8387096774194 9.67741935483871 0 25.8064516129032 0 6.45161290322581 3.2258064516129
"2111" 71.9184430027804 9.63855421686747 0.278035217794254 7.13623725671918 1.20481927710843 1.76088971269694 8.06302131603336
"2112" 49.4755244755245 26.2237762237762 0.174825174825175 11.013986013986 0.699300699300699 2.97202797202797 9.44055944055944
"2113" 59.7647058823529 6.35294117647059 0.470588235294118 11.0588235294118 0.235294117647059 7.76470588235294 14.3529411764706
"2114" 62.7497062279671 17.2737955346651 0.235017626321974 8.69565217391304 2.58519388954172 3.29024676850764 5.17038777908343
"2116" 70.2586206896552 7.32758620689655 0 13.7931034482759 0.431034482758621 0.862068965517241 7.32758620689655
"3007" 0 0 0 0 0 0 100
"3011" 0 60 0 0 0 20 20
"3012" 78.1818181818182 1.81818181818182 1.81818181818182 10.9090909090909 0 0 7.27272727272727
"3014" 86.6666666666667 0 0 0 0 0 13.3333333333333
"3015" 41.3793103448276 24.1379310344828 0 24.1379310344828 0 3.44827586206897 6.89655172413793
"3018" 25.4237288135593 50.4563233376793 0.130378096479791 8.08344198174707 7.95306388526727 4.43285528031291 3.52020860495437
"3019" 52.1311475409836 20.983606557377 2.29508196721311 11.1475409836066 2.29508196721311 4.59016393442623 6.55737704918033
"3020" 51.8364928909953 19.2535545023697 0.118483412322275 9.06398104265403 3.61374407582938 7.16824644549763 8.94549763033175
"3021" 54.3183440399714 15.98857958601 0.428265524625268 18.0585296216988 0.856531049250535 4.35403283369022 5.99571734475375
"3022" 55.974025974026 15.1948051948052 1.36363636363636 15 1.88311688311688 3.63636363636364 6.94805194805195
"3023" 64.2384105960265 14.9006622516556 0 5.96026490066225 2.31788079470199 4.96688741721854 7.6158940397351
"3024" 63.3846153846154 11.0769230769231 0 9.23076923076923 0.615384615384615 5.84615384615385 9.84615384615385
"3026" 68.2926829268293 4.8780487804878 0 17.0731707317073 1.21951219512195 4.8780487804878 3.65853658536585
"3028" 59.9783666846944 17.63115197404 0.0540832882639265 7.73391022174148 2.92049756625203 4.43482963764197 7.24716062736614
"3029" 45.2380952380952 37.1212121212121 0.432900432900433 6.92640692640693 1.83982683982684 2.81385281385281 5.62770562770563
"3031" 80.6267806267806 6.26780626780627 0.854700854700855 6.26780626780627 0 0.854700854700855 5.12820512820513
"3032" 55.6910569105691 28.7262872628726 0 4.3360433604336 0.677506775067751 1.49051490514905 9.07859078590786
"3035" 56.1616161616162 11.1111111111111 0 13.5353535353535 1.41414141414141 8.88888888888889 8.88888888888889
"3037" 0 100 0 0 0 0 0
"5001" 46 26 2 12 4 0 10
"5002" 55.3459119496855 14.4654088050314 0 14.4654088050314 0.628930817610063 7.54716981132075 7.54716981132075
"5003" 55.9602649006622 6.5121412803532 0.33112582781457 20.6401766004415 2.09713024282561 5.73951434878587 8.719646799117
"5004" 43.5786435786436 25.3968253968254 0 10.2453102453102 2.45310245310245 8.8023088023088 9.52380952380952
"5005" 55.6 16.1333333333333 0.533333333333333 12.9333333333333 4.53333333333333 3.6 6.66666666666667
"5008" 82.4462061155153 2.26500566251416 0.113250283125708 7.36126840317101 0.226500566251416 0.339750849377123 7.2480181200453
"5009" 64.0102827763496 22.879177377892 0 4.88431876606684 0.77120822622108 3.8560411311054 3.59897172236504
"5010" 48.7226277372263 28.8321167883212 0 8.75912408759124 2.18978102189781 3.83211678832117 7.66423357664234
"5011" 48.7523992322457 9.021113243762 0 21.5930902111324 3.55086372360845 8.54126679462572 8.54126679462572
"5012" 47.5728155339806 18.9320388349515 0.485436893203883 15.5339805825243 5.33980582524272 6.06796116504854 6.06796116504854
"5013" 62.5850340136054 5.4421768707483 0 19.047619047619 0 4.76190476190476 8.16326530612245
"5015" 27.906976744186 39.5348837209302 0 11.6279069767442 0 13.953488372093 6.97674418604651
"5016" 67.4757281553398 7.28155339805825 0 5.58252427184466 0.242718446601942 6.79611650485437 12.621359223301
"5017" 75.3623188405797 10.4347826086957 0 2.89855072463768 0.579710144927536 3.18840579710145 7.53623188405797
"5018" 17.0731707317073 51.7073170731707 0.48780487804878 11.7073170731707 1.46341463414634 7.31707317073171 10.2439024390244
"5019" 55.6390977443609 5.26315789473684 0 29.3233082706767 2.25563909774436 2.25563909774436 5.26315789473684
"5020" 32.1799307958478 26.643598615917 0 23.5294117647059 5.5363321799308 6.9204152249135 5.19031141868512
"5021" 58.5324232081911 17.5767918088737 0.68259385665529 15.1877133105802 1.70648464163823 1.02389078498294 5.2901023890785
"5022" 37.220447284345 30.5111821086262 0 14.3769968051118 4.31309904153355 7.3482428115016 6.23003194888179
"5024" 60.4408352668213 9.28074245939675 0.348027842227378 15.661252900232 1.97215777262181 4.75638051044084 7.54060324825986
"5026" 25 8.33333333333333 0 50 4.16666666666667 8.33333333333333 4.16666666666667
"5027" 43.343653250774 17.3374613003096 0 18.266253869969 2.63157894736842 10.5263157894737 7.89473684210526
"5028" 74.2281033396345 5.35601764335224 0.0630119722747322 5.4820415879017 1.89035916824197 4.28481411468179 8.69565217391304
"5029" 47.9057591623037 16.7539267015707 0 20.9424083769633 3.66492146596859 1.83246073298429 8.90052356020942
"5030" 50.0314267756128 13.7649277184161 0.314267756128221 13.6392206159648 2.95411690760528 8.54808296668762 10.7479572595852
"5031" 42.3708920187793 21.830985915493 0.704225352112676 14.7887323943662 2.93427230046948 8.92018779342723 8.45070422535211
"5032" 57.7259475218659 13.7026239067055 0 16.3265306122449 0.583090379008746 4.66472303206997 6.99708454810496
"5033" 52.5222551928783 13.353115727003 0.593471810089021 15.2818991097923 0.890207715133531 6.52818991097923 10.8308605341246
"5034" 49.8134328358209 18.0970149253731 0.186567164179104 11.0074626865672 3.54477611940298 10.1679104477612 7.18283582089552
"5036" 50.9715994020927 27.3542600896861 0.149476831091181 8.44544095665172 1.42002989536622 3.06427503736921 8.5949177877429
"5037" 53.0276816608997 17.9930795847751 0.0432525951557093 10.6833910034602 4.6280276816609 6.70415224913495 6.9204152249135
"5038" 73.4090909090909 8.18181818181818 0.454545454545455 11.1363636363636 0.909090909090909 1.13636363636364 4.77272727272727
"1101" NA NA NA NA NA NA NA
"1102" NA NA NA NA NA NA NA
"1104" NA NA NA NA NA NA NA
"1105" NA NA NA NA NA NA NA
"1106" NA NA NA NA NA NA NA
"1110" NA NA NA NA NA NA NA
"1111" NA NA NA NA NA NA NA
"1114" NA NA NA NA NA NA NA
"1115" NA NA NA NA NA NA NA
"1116" NA NA NA NA NA NA NA
"1118" NA NA NA NA NA NA NA
"1119" NA NA NA NA NA NA NA
"1120" NA NA NA NA NA NA NA
"1122" NA NA NA NA NA NA NA
"1123" NA NA NA NA NA NA NA
"1125" NA NA NA NA NA NA NA
"1127" NA NA NA NA NA NA NA
"1128" NA NA NA NA NA NA NA
"1129" NA NA NA NA NA NA NA
"1130" NA NA NA NA NA NA NA
"1131" NA NA NA NA NA NA NA
"1133" NA NA NA NA NA NA NA
"1142" NA NA NA NA NA NA NA
"1143" NA NA NA NA NA NA NA
"1146" NA NA NA NA NA NA NA
"1150" NA NA NA NA NA NA NA
"1152" NA NA NA NA NA NA NA
"1153" NA NA NA NA NA NA NA
"1154" NA NA NA NA NA NA NA
"1156" NA NA NA NA NA NA NA
"1160" NA NA NA NA NA NA NA
"1162" NA NA NA NA NA NA NA
"1163" NA NA NA NA NA NA NA
"1164" NA NA NA NA NA NA NA
"1166" NA NA NA NA NA NA NA
"1168" NA NA NA NA NA NA NA
"1169" NA NA NA NA NA NA NA
"1170" NA NA NA NA NA NA NA
"1171" NA NA NA NA NA NA NA
"1173" NA NA NA NA NA NA NA
"1174" NA NA NA NA NA NA NA
"1178" NA NA NA NA NA NA NA
"1179" NA NA NA NA NA NA NA
"2101" NA NA NA NA NA NA NA
"2102" NA NA NA NA NA NA NA
"2103" NA NA NA NA NA NA NA
"2104" NA NA NA NA NA NA NA
"2105" NA NA NA NA NA NA NA
"2106" NA NA NA NA NA NA NA
"2109" NA NA NA NA NA NA NA
"2115" NA NA NA NA NA NA NA
"2117" NA NA NA NA NA NA NA
"2118" NA NA NA NA NA NA NA
"2120" NA NA NA NA NA NA NA
"2121" NA NA NA NA NA NA NA
"2122" NA NA NA NA NA NA NA
"2123" NA NA NA NA NA NA NA
"2124" NA NA NA NA NA NA NA
"3001" NA NA NA NA NA NA NA
"3002" NA NA NA NA NA NA NA
"3003" NA NA NA NA NA NA NA
"3004" NA NA NA NA NA NA NA
"3005" NA NA NA NA NA NA NA
"3006" NA NA NA NA NA NA NA
"3008" NA NA NA NA NA NA NA
"3009" NA NA NA NA NA NA NA
"3010" NA NA NA NA NA NA NA
"3013" NA NA NA NA NA NA NA
"3016" NA NA NA NA NA NA NA
"3017" NA NA NA NA NA NA NA
"3025" NA NA NA NA NA NA NA
"3027" NA NA NA NA NA NA NA
"3030" NA NA NA NA NA NA NA
"3033" NA NA NA NA NA NA NA
"3034" NA NA NA NA NA NA NA
"3039" NA NA NA NA NA NA NA
"5006" NA NA NA NA NA NA NA
"5007" NA NA NA NA NA NA NA
"5014" NA NA NA NA NA NA NA
"5023" NA NA NA NA NA NA NA
"5035" NA NA NA NA NA NA NA
"6001" NA NA NA NA NA NA NA
