"CD4 Cytotoxic" "CD8 Cytotoxic" "ILC" "CD16 mNK" "CD4 Regulatory" "MAIT" "Cyclcing T/NK" "CD8 TEM" "CD4 TEM" "CD8 TCM" "CD8 Naive" "CD4 Naive" "Immature NK" "Gamma Delta" "CD57 mNK" "CD4 TCM"
"1103" 5.28169014084507 22.9753521126761 0.176056338028169 2.90492957746479 1.32042253521127 0.352112676056338 1.32042253521127 12.6760563380282 9.0669014084507 6.69014084507042 2.20070422535211 4.31338028169014 2.64084507042254 3.4330985915493 12.2359154929577 12.4119718309859
"1107" 2.65151515151515 13.2575757575758 0.757575757575758 32.9545454545455 0.378787878787879 0.757575757575758 2.27272727272727 7.95454545454545 9.46969696969697 4.54545454545455 0.378787878787879 0.757575757575758 3.40909090909091 0.378787878787879 13.2575757575758 6.81818181818182
"1108" 10.1851851851852 23.7654320987654 0 5.55555555555556 0.925925925925926 2.46913580246914 2.16049382716049 8.33333333333333 8.33333333333333 8.95061728395062 0.308641975308642 0.617283950617284 1.23456790123457 1.23456790123457 19.4444444444444 6.48148148148148
"1109" 1.89393939393939 11.7424242424242 0 1.89393939393939 0.378787878787879 0.757575757575758 0.757575757575758 7.1969696969697 1.89393939393939 6.81818181818182 23.1060606060606 19.3181818181818 3.03030303030303 0.378787878787879 10.6060606060606 10.2272727272727
"1112" 0.420168067226891 11.7647058823529 0 9.66386554621849 1.26050420168067 0.420168067226891 3.36134453781513 12.1848739495798 4.20168067226891 1.68067226890756 3.36134453781513 7.56302521008403 5.04201680672269 9.2436974789916 23.9495798319328 5.88235294117647
"1113" 1.16959064327485 9.86842105263158 0.657894736842105 8.26023391812866 1.6812865497076 3.3625730994152 0.584795321637427 2.99707602339181 5.19005847953216 8.1140350877193 8.91812865497076 10.1608187134503 7.0906432748538 3.80116959064327 12.6461988304094 15.4970760233918
"1117" 0 3.01129234629862 0 9.15934755332497 0.878293601003764 2.00752823086575 0.627352572145546 9.15934755332497 3.13676286072773 5.77164366373902 11.7942283563363 10.9159347553325 2.25846925972396 2.00752823086575 27.9799247176913 11.2923462986198
"1126" 1.02040816326531 11.3702623906706 0.145772594752187 6.70553935860058 1.16618075801749 1.89504373177843 0.728862973760933 6.26822157434402 5.97667638483965 9.18367346938776 7.14285714285714 8.45481049562682 2.76967930029155 2.04081632653061 20.6997084548105 14.4314868804665
"1132" 10.2167182662539 24.2260061919505 0 4.25696594427245 0.928792569659443 1.0061919504644 1.47058823529412 6.42414860681115 5.03095975232198 17.2600619195046 1.08359133126935 2.70897832817337 3.01857585139319 1.47058823529412 13.0804953560372 7.81733746130031
"1135" 2.96096904441454 12.6514131897712 0.269179004037685 16.6890982503365 1.61507402422611 1.74966352624495 1.07671601615074 7.2678331090175 7.2678331090175 9.95962314939435 3.63391655450875 4.71063257065949 8.88290713324361 1.34589502018843 7.2678331090175 12.6514131897712
"1136" 0.656598818122127 21.4051214707814 0.131319763624425 1.31319763624425 0.984898227183191 1.11621799080762 0.328299409061064 15.2330925804334 6.82862770847013 18.7130663164806 4.92449113591596 3.41431385423506 1.37885751805647 1.64149704530532 11.6874589625739 10.2429415627052
"1137" 0.832177531206657 30.0970873786408 0 6.24133148404993 0.13869625520111 0.277392510402219 0.693481276005548 19.5561719833564 4.16088765603329 8.46047156726768 0.13869625520111 0.416088765603329 5.13176144244105 9.29264909847434 12.0665742024965 2.49653259361997
"1138" 0 7.36434108527132 1.93798449612403 2.51937984496124 0.581395348837209 0.968992248062015 1.74418604651163 6.97674418604651 8.91472868217054 6.2015503875969 11.8217054263566 3.29457364341085 7.75193798449612 5.81395348837209 23.8372093023256 10.2713178294574
"1139" 5.95890410958904 18.8356164383562 0.205479452054795 4.17808219178082 1.64383561643836 5.41095890410959 0.547945205479452 5.20547945205479 7.80821917808219 17.7397260273973 5.06849315068493 6.50684931506849 4.17808219178082 2.3972602739726 6.50684931506849 7.80821917808219
"1141" 1.8018018018018 15.015015015015 0.3003003003003 16.8168168168168 2.1021021021021 1.5015015015015 1.2012012012012 3.003003003003 4.8048048048048 5.40540540540541 5.40540540540541 8.10810810810811 6.90690690690691 1.2012012012012 10.8108108108108 15.6156156156156
"1147" 8.7378640776699 12.378640776699 0.242718446601942 7.52427184466019 1.21359223300971 0.242718446601942 1.21359223300971 6.31067961165049 8.25242718446602 4.12621359223301 0 0 0.970873786407767 10.9223300970874 35.4368932038835 2.42718446601942
"1149" 3.33333333333333 13.3333333333333 0 23.3333333333333 0 3.33333333333333 6.66666666666667 13.3333333333333 10 0 0 0 0 6.66666666666667 20 0
"1151" 0 8.27814569536424 0.993377483443709 1.98675496688742 1.65562913907285 0 0.993377483443709 10.5960264900662 8.60927152317881 0.662251655629139 0 0 3.3112582781457 30.4635761589404 31.4569536423841 0.993377483443709
"1155" 1.34228187919463 3.35570469798658 0.447427293064877 3.35570469798658 1.56599552572707 2.01342281879195 1.11856823266219 6.26398210290828 3.80313199105145 1.78970917225951 0 0 2.01342281879195 8.27740492170022 63.758389261745 0.894854586129754
"1157" 0 6.16113744075829 1.4218009478673 17.0616113744076 3.3175355450237 0.4739336492891 1.4218009478673 12.3222748815166 23.696682464455 7.58293838862559 2.8436018957346 1.4218009478673 9.95260663507109 0.4739336492891 1.8957345971564 9.95260663507109
"1158" 1.34770889487871 14.0161725067385 1.61725067385445 9.43396226415094 1.61725067385445 0.269541778975741 1.07816711590297 18.3288409703504 13.2075471698113 5.39083557951483 0.539083557951483 0.269541778975741 3.23450134770889 7.00808625336927 16.4420485175202 6.19946091644205
"1159" 2.76110444177671 26.4105642256903 0.600240096038415 2.1608643457383 0.600240096038415 0.960384153661465 3.48139255702281 12.9651860744298 7.32292917166867 3.84153661464586 1.68067226890756 1.4405762304922 3.12124849939976 8.5234093637455 22.0888355342137 2.04081632653061
"1161" 0 0.995024875621891 5.4726368159204 9.45273631840796 9.95024875621891 2.98507462686567 1.99004975124378 14.4278606965174 29.8507462686567 0.497512437810945 0 0 8.95522388059701 1.99004975124378 12.4378109452736 0.995024875621891
"1165" 2.4390243902439 7.31707317073171 0 12.1951219512195 0 2.4390243902439 0 3.65853658536585 4.8780487804878 4.8780487804878 0 0 1.21951219512195 0 59.7560975609756 1.21951219512195
"1167" 0 24.2424242424242 2.02020202020202 11.1111111111111 2.02020202020202 1.01010101010101 2.02020202020202 11.1111111111111 20.2020202020202 0 0 0 7.07070707070707 6.06060606060606 9.09090909090909 4.04040404040404
"1172" 14.2857142857143 2.85714285714286 0 11.4285714285714 0 0 0 8.57142857142857 5.71428571428571 0 0 0 0 22.8571428571429 34.2857142857143 0
"1175" 2.09497206703911 18.2960893854749 0.418994413407821 7.54189944134078 0.837988826815642 1.81564245810056 0.837988826815642 7.9608938547486 14.1061452513966 8.5195530726257 2.93296089385475 1.81564245810056 5.8659217877095 3.49162011173184 17.3184357541899 6.14525139664804
"1176" 5.45454545454545 21.3636363636364 0 4.09090909090909 1.81818181818182 0 0.909090909090909 21.3636363636364 10.4545454545455 11.3636363636364 1.36363636363636 0.454545454545455 0.909090909090909 5.45454545454545 11.3636363636364 3.63636363636364
"1180" 1.09649122807018 26.3157894736842 0 5.92105263157895 0.87719298245614 0.87719298245614 1.53508771929825 9.64912280701754 3.50877192982456 12.719298245614 2.19298245614035 2.63157894736842 4.60526315789474 4.82456140350877 18.859649122807 4.3859649122807
"1181" 1.22615803814714 8.31062670299728 0.408719346049046 12.5340599455041 0.136239782016349 0.136239782016349 2.17983651226158 11.3079019073569 3.54223433242507 3.95095367847411 0.544959128065395 0.272479564032698 4.76839237057221 16.4850136239782 30.5177111716621 3.67847411444142
"1182" 9.21348314606742 12.3595505617978 2.02247191011236 2.92134831460674 0.674157303370786 3.37078651685393 0.224719101123596 5.39325842696629 3.59550561797753 3.37078651685393 1.57303370786517 1.57303370786517 7.19101123595506 3.14606741573034 40.2247191011236 3.14606741573034
"2107" 5.06329113924051 11.3924050632911 1.26582278481013 11.3924050632911 2.53164556962025 3.79746835443038 3.79746835443038 8.86075949367089 6.32911392405063 0 2.53164556962025 0 2.53164556962025 3.79746835443038 34.1772151898734 2.53164556962025
"2108" 3.2051282051282 19.2307692307692 3.2051282051282 1.92307692307692 6.41025641025641 1.92307692307692 5.76923076923077 14.1025641025641 3.2051282051282 5.12820512820513 1.28205128205128 0.641025641025641 4.48717948717949 5.76923076923077 19.8717948717949 3.84615384615385
"2110" 10.9375 11.71875 0.78125 3.90625 3.125 0 3.125 7.03125 7.8125 9.375 3.125 1.5625 12.5 3.90625 19.53125 1.5625
"2111" 1.42348754448399 13.1672597864769 0 7.11743772241993 1.42348754448399 1.06761565836299 1.77935943060498 12.8113879003559 13.8790035587189 3.91459074733096 1.42348754448399 0.355871886120996 5.69395017793594 4.98220640569395 27.4021352313167 3.55871886120996
"2112" 7.3394495412844 25.6880733944954 0 3.6697247706422 8.25688073394496 0 3.6697247706422 20.1834862385321 7.3394495412844 4.58715596330275 2.75229357798165 0 1.8348623853211 2.75229357798165 10.0917431192661 1.8348623853211
"2113" 2.58064516129032 24.8387096774194 0.32258064516129 6.12903225806452 0 0.967741935483871 0.967741935483871 10 7.41935483870968 13.8709677419355 1.29032258064516 1.29032258064516 6.12903225806452 6.7741935483871 14.1935483870968 3.2258064516129
"2114" 1.5748031496063 11.0236220472441 0 9.44881889763779 3.1496062992126 0 4.7244094488189 20.4724409448819 6.2992125984252 8.66141732283465 2.36220472440945 0.78740157480315 4.7244094488189 7.08661417322835 14.1732283464567 5.51181102362205
"2116" 2.98507462686567 7.46268656716418 0 17.910447761194 0 0 2.98507462686567 2.98507462686567 7.46268656716418 4.47761194029851 0 1.49253731343284 1.49253731343284 8.95522388059701 32.8358208955224 8.95522388059701
"3007" 2.20779220779221 16.3636363636364 0.519480519480519 3.24675324675325 1.55844155844156 0.779220779220779 3.8961038961039 10.3896103896104 6.75324675324675 8.83116883116883 12.3376623376623 13.2467532467532 4.41558441558442 0.38961038961039 5.84415584415584 9.22077922077922
"3011" 0 33.3333333333333 0 0 0 0 16.6666666666667 0 16.6666666666667 0 0 0 16.6666666666667 0 16.6666666666667 0
"3012" 14.5528455284553 19.6747967479675 0.16260162601626 2.60162601626016 0.16260162601626 0.569105691056911 0.975609756097561 3.2520325203252 2.60162601626016 10.4065040650407 0.894308943089431 2.11382113821138 1.38211382113821 2.27642276422764 34.4715447154472 3.90243902439024
"3013" 1.68634064080944 48.7352445193929 0 2.69814502529511 0.168634064080944 1.5177065767285 2.02360876897133 3.54131534569983 1.34907251264755 16.0202360876897 2.69814502529511 6.23946037099494 2.86677908937605 0.337268128161889 3.87858347386172 6.23946037099494
"3014" 1.71796707229778 7.65926986399427 0.143163922691482 10.7372942018611 0.858983536148891 2.00429491768074 0.357909806728704 2.57695060844667 6.94345025053686 25.3400143163923 8.80458124552613 5.29706513958482 8.73299928418039 0.214745884037223 1.21689334287759 17.394416607015
"3015" 0 0 2.32558139534884 32.5581395348837 0 0 0 6.97674418604651 16.2790697674419 13.953488372093 0 0 11.6279069767442 0 0 16.2790697674419
"3018" 1.06571936056838 15.9857904085258 0.532859680284192 5.32859680284192 1.59857904085258 0.355239786856128 1.77619893428064 15.6305506216696 13.4991119005329 9.41385435168739 2.4866785079929 0.177619893428064 4.26287744227353 8.34813499111901 12.0781527531083 7.46003552397868
"3019" 3.80622837370242 27.3356401384083 0 5.19031141868512 0.346020761245675 0.346020761245675 1.3840830449827 18.6851211072664 11.4186851211073 11.0726643598616 0.346020761245675 1.73010380622837 3.11418685121107 1.03806228373702 8.99653979238754 5.19031141868512
"3020" 11.340206185567 17.2680412371134 0 7.21649484536082 0.257731958762887 0.257731958762887 2.31958762886598 6.70103092783505 11.5979381443299 3.09278350515464 0.77319587628866 1.03092783505155 0.77319587628866 6.44329896907216 28.6082474226804 2.31958762886598
"3021" 1.35593220338983 16.9491525423729 2.03389830508475 9.49152542372881 4.06779661016949 0.677966101694915 3.05084745762712 11.864406779661 9.83050847457627 2.71186440677966 4.40677966101695 5.42372881355932 5.42372881355932 0.677966101694915 12.5423728813559 9.49152542372881
"3022" 2.28426395939086 4.82233502538071 0.761421319796954 11.6751269035533 1.14213197969543 0.761421319796954 2.28426395939086 13.9593908629442 13.7055837563452 5.0761421319797 0.253807106598985 0.253807106598985 3.04568527918782 7.86802030456853 28.6802030456853 3.42639593908629
"3023" 4.27807486631016 20.6773618538324 2.31729055258467 2.31729055258467 2.85204991087344 0.53475935828877 0.17825311942959 16.3992869875223 11.7647058823529 4.63458110516934 0.35650623885918 1.06951871657754 2.49554367201426 9.44741532976827 15.1515151515152 5.52584670231729
"3024" 12.5 25.625 0.125 7.625 1.125 1.125 0.875 11.125 8.625 6 1.75 1.875 4.375 9 4.875 3.375
"3026" 4.18848167539267 7.32984293193717 0.523560209424084 6.80628272251309 1.57068062827225 3.1413612565445 1.57068062827225 13.0890052356021 25.6544502617801 6.282722513089 0 1.04712041884817 2.61780104712042 8.37696335078534 16.2303664921466 1.57068062827225
"3028" 4.12844036697248 19.9082568807339 0.458715596330275 3.48623853211009 1.65137614678899 0.458715596330275 1.55963302752294 17.7981651376147 19.5412844036697 0.73394495412844 0.0917431192660551 0.0917431192660551 1.74311926605505 5.41284403669725 20.3669724770642 2.56880733944954
"3029" 6.66666666666667 13.3333333333333 0 0 6.66666666666667 0 26.6666666666667 0 6.66666666666667 6.66666666666667 0 0 6.66666666666667 6.66666666666667 13.3333333333333 6.66666666666667
"3031" 0 0 0 0 25 0 25 0 0 0 0 0 25 0 25 0
"3032" 3.58208955223881 19.4029850746269 0.597014925373134 8.05970149253731 2.38805970149254 0.298507462686567 0.895522388059702 15.2238805970149 17.910447761194 3.58208955223881 0.298507462686567 0.597014925373134 3.28358208955224 2.38805970149254 18.2089552238806 3.28358208955224
"3035" 2.01342281879195 6.71140939597315 0 13.4228187919463 2.68456375838926 0.671140939597315 0.671140939597315 10.0671140939597 6.71140939597315 5.36912751677852 0 0.671140939597315 4.02684563758389 2.68456375838926 35.5704697986577 8.7248322147651
"3037" 0 23.6842105263158 0 0 2.63157894736842 2.63157894736842 28.9473684210526 5.26315789473684 0 5.26315789473684 10.5263157894737 7.89473684210526 0 2.63157894736842 5.26315789473684 5.26315789473684
"1101" NA NA NA NA NA NA NA NA NA NA NA NA NA NA NA NA
"1102" NA NA NA NA NA NA NA NA NA NA NA NA NA NA NA NA
"1104" NA NA NA NA NA NA NA NA NA NA NA NA NA NA NA NA
"1105" NA NA NA NA NA NA NA NA NA NA NA NA NA NA NA NA
"1106" NA NA NA NA NA NA NA NA NA NA NA NA NA NA NA NA
"1110" NA NA NA NA NA NA NA NA NA NA NA NA NA NA NA NA
"1111" NA NA NA NA NA NA NA NA NA NA NA NA NA NA NA NA
"1114" NA NA NA NA NA NA NA NA NA NA NA NA NA NA NA NA
"1115" NA NA NA NA NA NA NA NA NA NA NA NA NA NA NA NA
"1116" NA NA NA NA NA NA NA NA NA NA NA NA NA NA NA NA
"1118" NA NA NA NA NA NA NA NA NA NA NA NA NA NA NA NA
"1119" NA NA NA NA NA NA NA NA NA NA NA NA NA NA NA NA
"1120" NA NA NA NA NA NA NA NA NA NA NA NA NA NA NA NA
"1122" NA NA NA NA NA NA NA NA NA NA NA NA NA NA NA NA
"1123" NA NA NA NA NA NA NA NA NA NA NA NA NA NA NA NA
"1125" NA NA NA NA NA NA NA NA NA NA NA NA NA NA NA NA
"1127" NA NA NA NA NA NA NA NA NA NA NA NA NA NA NA NA
"1128" NA NA NA NA NA NA NA NA NA NA NA NA NA NA NA NA
"1129" NA NA NA NA NA NA NA NA NA NA NA NA NA NA NA NA
"1130" NA NA NA NA NA NA NA NA NA NA NA NA NA NA NA NA
"1131" NA NA NA NA NA NA NA NA NA NA NA NA NA NA NA NA
"1133" NA NA NA NA NA NA NA NA NA NA NA NA NA NA NA NA
"1142" NA NA NA NA NA NA NA NA NA NA NA NA NA NA NA NA
"1143" NA NA NA NA NA NA NA NA NA NA NA NA NA NA NA NA
"1146" NA NA NA NA NA NA NA NA NA NA NA NA NA NA NA NA
"1150" NA NA NA NA NA NA NA NA NA NA NA NA NA NA NA NA
"1152" NA NA NA NA NA NA NA NA NA NA NA NA NA NA NA NA
"1153" NA NA NA NA NA NA NA NA NA NA NA NA NA NA NA NA
"1154" NA NA NA NA NA NA NA NA NA NA NA NA NA NA NA NA
"1156" NA NA NA NA NA NA NA NA NA NA NA NA NA NA NA NA
"1160" NA NA NA NA NA NA NA NA NA NA NA NA NA NA NA NA
"1162" NA NA NA NA NA NA NA NA NA NA NA NA NA NA NA NA
"1163" NA NA NA NA NA NA NA NA NA NA NA NA NA NA NA NA
"1164" NA NA NA NA NA NA NA NA NA NA NA NA NA NA NA NA
"1166" NA NA NA NA NA NA NA NA NA NA NA NA NA NA NA NA
"1168" NA NA NA NA NA NA NA NA NA NA NA NA NA NA NA NA
"1169" NA NA NA NA NA NA NA NA NA NA NA NA NA NA NA NA
"1170" NA NA NA NA NA NA NA NA NA NA NA NA NA NA NA NA
"1171" NA NA NA NA NA NA NA NA NA NA NA NA NA NA NA NA
"1173" NA NA NA NA NA NA NA NA NA NA NA NA NA NA NA NA
"1174" NA NA NA NA NA NA NA NA NA NA NA NA NA NA NA NA
"1178" NA NA NA NA NA NA NA NA NA NA NA NA NA NA NA NA
"1179" NA NA NA NA NA NA NA NA NA NA NA NA NA NA NA NA
"2101" NA NA NA NA NA NA NA NA NA NA NA NA NA NA NA NA
"2102" NA NA NA NA NA NA NA NA NA NA NA NA NA NA NA NA
"2103" NA NA NA NA NA NA NA NA NA NA NA NA NA NA NA NA
"2104" NA NA NA NA NA NA NA NA NA NA NA NA NA NA NA NA
"2105" NA NA NA NA NA NA NA NA NA NA NA NA NA NA NA NA
"2106" NA NA NA NA NA NA NA NA NA NA NA NA NA NA NA NA
"2109" NA NA NA NA NA NA NA NA NA NA NA NA NA NA NA NA
"2115" NA NA NA NA NA NA NA NA NA NA NA NA NA NA NA NA
"2117" NA NA NA NA NA NA NA NA NA NA NA NA NA NA NA NA
"2118" NA NA NA NA NA NA NA NA NA NA NA NA NA NA NA NA
"2120" NA NA NA NA NA NA NA NA NA NA NA NA NA NA NA NA
"2121" NA NA NA NA NA NA NA NA NA NA NA NA NA NA NA NA
"2122" NA NA NA NA NA NA NA NA NA NA NA NA NA NA NA NA
"2123" NA NA NA NA NA NA NA NA NA NA NA NA NA NA NA NA
"2124" NA NA NA NA NA NA NA NA NA NA NA NA NA NA NA NA
"3001" NA NA NA NA NA NA NA NA NA NA NA NA NA NA NA NA
"3002" NA NA NA NA NA NA NA NA NA NA NA NA NA NA NA NA
"3003" NA NA NA NA NA NA NA NA NA NA NA NA NA NA NA NA
"3004" NA NA NA NA NA NA NA NA NA NA NA NA NA NA NA NA
"3005" NA NA NA NA NA NA NA NA NA NA NA NA NA NA NA NA
"3006" NA NA NA NA NA NA NA NA NA NA NA NA NA NA NA NA
"3008" NA NA NA NA NA NA NA NA NA NA NA NA NA NA NA NA
"3009" NA NA NA NA NA NA NA NA NA NA NA NA NA NA NA NA
"3010" NA NA NA NA NA NA NA NA NA NA NA NA NA NA NA NA
"3016" NA NA NA NA NA NA NA NA NA NA NA NA NA NA NA NA
"3017" NA NA NA NA NA NA NA NA NA NA NA NA NA NA NA NA
"3025" NA NA NA NA NA NA NA NA NA NA NA NA NA NA NA NA
"3027" NA NA NA NA NA NA NA NA NA NA NA NA NA NA NA NA
"3030" NA NA NA NA NA NA NA NA NA NA NA NA NA NA NA NA
"3033" NA NA NA NA NA NA NA NA NA NA NA NA NA NA NA NA
"3034" NA NA NA NA NA NA NA NA NA NA NA NA NA NA NA NA
"3039" NA NA NA NA NA NA NA NA NA NA NA NA NA NA NA NA
