"CD4 Cytotoxic" "CD8 Cytotoxic" "CD4 TEM" "CD8 TEM" "MT+ T cells" "Gamma Delta" "CD57 mNK" "CD16 mNK" "Immature NK" "ILC" "Cycling T & NK" "CD8 TCM" "MAIT" "CD4 Regulatory" "CD4 TCM" "CD8 Naive" "CD4 Naive"
"1103" 6.57777777777778 19.6444444444444 12 11.1111111111111 0.0888888888888889 7.82222222222222 9.51111111111111 1.95555555555556 2.66666666666667 0.266666666666667 1.33333333333333 6.22222222222222 0.622222222222222 1.15555555555556 12.0888888888889 1.86666666666667 5.06666666666667
"1107" 2.6615969581749 12.5475285171103 9.1254752851711 10.6463878326996 0 2.28136882129278 16.7300380228137 29.277566539924 1.90114068441065 0.760456273764259 2.28136882129278 2.6615969581749 0.760456273764259 0.380228136882129 7.22433460076046 0 0.760456273764259
"1108" 11.400651465798 22.1498371335505 9.44625407166124 7.81758957654723 0 3.90879478827362 16.6123778501629 6.51465798045603 0.325732899022801 0 2.28013029315961 6.84039087947883 4.23452768729642 0.651465798045603 6.84039087947883 0.325732899022801 0.651465798045603
"1109" 1.94552529182879 10.1167315175097 3.50194552529183 7.39299610894942 0 2.72373540856031 7.39299610894942 1.94552529182879 3.50194552529183 0 0.778210116731518 5.05836575875486 0.778210116731518 0.389105058365759 10.5058365758755 23.3463035019455 20.6225680933852
"1112" 0.843881856540084 10.5485232067511 7.17299578059072 9.70464135021097 0 7.59493670886076 25.7383966244726 9.70464135021097 5.48523206751055 0 3.79746835443038 1.26582278481013 0.421940928270042 0.843881856540084 5.90717299578059 3.37552742616034 7.59493670886076
"1113" 1.10132158590308 9.1776798825257 6.5345080763583 4.03817914831131 0 3.9647577092511 13.582966226138 7.70925110132159 7.34214390602056 0.587371512481645 0.587371512481645 5.72687224669604 2.93685756240822 1.3215859030837 15.345080763583 8.88399412628488 11.1600587371512
"1117" 0.378310214375788 1.89155107187894 4.41361916771753 5.67465321563682 0 1.89155107187894 28.499369482976 8.70113493064313 2.64817150063052 0 0.630517023959647 8.19672131147541 1.89155107187894 0.756620428751576 11.6015132408575 11.4754098360656 11.3493064312736
"1126" 1.17647058823529 10.2941176470588 6.76470588235294 7.05882352941176 0 4.55882352941176 18.3823529411765 5.58823529411765 3.23529411764706 0.147058823529412 0.882352941176471 8.38235294117647 1.02941176470588 1.32352941176471 14.8529411764706 7.5 8.82352941176471
"1132" 10.8 20.72 6.08 12.08 0.16 3.52 12.16 4.24 3.2 0 1.52 11.12 1.28 0.88 8 1.52 2.72
"1135" 3.67847411444142 11.8528610354223 7.49318801089918 8.03814713896458 0.544959128065395 3.40599455040872 9.40054495912807 11.5803814713896 9.40054495912807 0.408719346049046 1.08991825613079 8.58310626702997 1.77111716621253 1.49863760217984 12.6702997275204 2.99727520435967 5.5858310626703
"1136" 0.866089273817455 20.5196535642905 8.06129247168554 17.6548967355097 0 6.39573617588275 7.12858094603598 1.06595602931379 1.26582278481013 0.133244503664224 0.33311125916056 16.2558294470353 1.06595602931379 0.466355762824783 10.126582278481 4.86342438374417 3.79746835443038
"1137" 1.12517580872011 29.535864978903 5.06329113924051 19.4092827004219 0 11.5330520393812 10.126582278481 5.34458509142053 5.76652601969058 0 0.843881856540084 7.59493670886076 0.140646976090014 0.140646976090014 2.67229254571027 0.140646976090014 0.562587904360056
"1138" 0.389863547758285 6.62768031189084 9.55165692007797 7.40740740740741 0 11.8908382066277 17.9337231968811 2.33918128654971 7.60233918128655 1.75438596491228 1.75438596491228 4.48343079922027 0.389863547758285 0.584795321637427 10.5263157894737 12.280701754386 4.48343079922027
"1139" 6.15491009681881 16.9432918395574 9.05947441217151 12.0331950207469 0 7.05394190871369 2.9045643153527 4.08022130013831 3.80359612724758 0.276625172890733 0.553250345781466 10.5117565698479 5.39419087136929 1.45228215767635 7.26141078838174 4.84094052558783 7.67634854771784
"1141" 2.47678018575851 13.312693498452 4.95356037151703 6.19195046439629 0 1.85758513931889 10.2167182662539 17.0278637770898 6.5015479876161 0.309597523219814 1.23839009287926 4.3343653250774 0.928792569659443 1.85758513931889 13.9318885448916 4.95356037151703 9.90712074303406
"1147" 13.9240506329114 11.6455696202532 7.84810126582278 7.08860759493671 2.53164556962025 12.9113924050633 30.6329113924051 6.07594936708861 1.0126582278481 0.253164556962025 1.26582278481013 2.27848101265823 0 1.0126582278481 1.51898734177215 0 0
"1149" 3.44827586206897 10.3448275862069 13.7931034482759 3.44827586206897 0 13.7931034482759 13.7931034482759 24.1379310344828 0 0 6.89655172413793 6.89655172413793 3.44827586206897 0 0 0 0
"1151" 1.01694915254237 8.47457627118644 9.83050847457627 9.83050847457627 0 19.6610169491525 38.3050847457627 2.3728813559322 4.06779661016949 0.677966101694915 1.01694915254237 1.01694915254237 1.35593220338983 1.69491525423729 0.677966101694915 0 0
"1155" 2.46636771300448 2.69058295964126 4.48430493273543 5.38116591928251 0 9.86547085201794 62.5560538116592 2.46636771300448 2.46636771300448 0.448430493273543 1.12107623318386 1.79372197309417 2.01793721973094 1.34529147982063 0.896860986547085 0 0
"1157" 0.480769230769231 3.36538461538462 26.9230769230769 13.4615384615385 0 0.961538461538462 1.92307692307692 16.3461538461538 10.5769230769231 0.961538461538462 1.44230769230769 4.32692307692308 0.480769230769231 2.88461538461538 10.5769230769231 2.88461538461538 2.40384615384615
"1158" 2.25988700564972 11.864406779661 13.8418079096045 15.2542372881356 0.847457627118644 12.7118644067797 13.2768361581921 8.47457627118644 3.10734463276836 1.9774011299435 1.12994350282486 5.64971751412429 0.282485875706215 1.69491525423729 6.49717514124294 0.564971751412429 0.564971751412429
"1159" 4.06905055487053 24.9075215782984 9.00123304562269 9.3711467324291 0 14.7965474722565 18.4956843403206 1.72626387176326 3.57583230579531 0.61652281134402 3.45252774352651 3.57583230579531 0.493218249075216 0.493218249075216 2.34278668310728 1.47965474722565 1.60295930949445
"1161" 0.497512437810945 1.49253731343284 30.8457711442786 8.45771144278607 0 7.46268656716418 11.9402985074627 6.46766169154229 8.95522388059701 5.4726368159204 1.49253731343284 1.99004975124378 3.48258706467662 9.95024875621891 1.49253731343284 0 0
"1165" 2.5 3.75 3.75 5 0 2.5 57.5 13.75 1.25 0 0 5 3.75 0 1.25 0 0
"1167" 0 22.8260869565217 25 6.52173913043478 0 9.78260869565217 6.52173913043478 10.8695652173913 7.60869565217391 2.17391304347826 2.17391304347826 0 1.08695652173913 2.17391304347826 3.26086956521739 0 0
"1172" 14.2857142857143 2.85714285714286 5.71428571428571 5.71428571428571 0 22.8571428571429 40 0 2.85714285714286 0 2.85714285714286 0 0 0 2.85714285714286 0 0
"1175" 2.53521126760563 16.9014084507042 14.0845070422535 11.6901408450704 0 4.36619718309859 15.6338028169014 8.16901408450704 5.2112676056338 0.845070422535211 0.845070422535211 5.49295774647887 1.40845070422535 0.845070422535211 6.47887323943662 2.67605633802817 2.8169014084507
"1176" 8.8785046728972 16.8224299065421 11.214953271028 19.6261682242991 0 7.00934579439252 10.7476635514019 4.20560747663551 0.934579439252336 0 0.467289719626168 11.6822429906542 0.467289719626168 1.86915887850467 3.27102803738318 1.86915887850467 0.934579439252336
"1180" 2.49433106575964 24.0362811791383 3.6281179138322 17.0068027210884 0 6.34920634920635 17.9138321995465 5.21541950113379 4.98866213151927 0 1.36054421768707 5.66893424036281 0.90702947845805 0.90702947845805 4.08163265306122 2.49433106575964 2.94784580498866
"1181" 1.70940170940171 6.12535612535613 4.7008547008547 10.8262108262108 0 20.3703703703704 32.0512820512821 8.97435897435897 5.27065527065527 0.427350427350427 2.13675213675214 2.70655270655271 0 0.142450142450142 3.84615384615385 0.427350427350427 0.284900284900285
"1182" 9.2378752886836 11.0854503464203 4.15704387990762 4.84988452655889 0 7.39030023094688 36.0277136258661 4.84988452655889 6.23556581986143 2.07852193995381 0.23094688221709 3.23325635103926 3.00230946882217 0.69284064665127 4.15704387990762 1.84757505773672 0.92378752886836
"2107" 4.61538461538462 9.23076923076923 9.23076923076923 4.61538461538462 0 15.3846153846154 26.1538461538462 9.23076923076923 4.61538461538462 0 4.61538461538462 0 6.15384615384615 3.07692307692308 1.53846153846154 1.53846153846154 0
"2108" 6.08108108108108 14.8648648648649 6.08108108108108 11.4864864864865 0 9.45945945945946 16.8918918918919 0.675675675675676 4.05405405405405 3.37837837837838 6.08108108108108 7.43243243243243 1.35135135135135 6.75675675675676 2.7027027027027 2.02702702702703 0.675675675675676
"2110" 6.18556701030928 7.21649484536082 9.27835051546392 7.21649484536082 0 1.03092783505155 25.7731958762887 4.12371134020619 14.4329896907216 1.03092783505155 3.09278350515464 6.18556701030928 0 4.12371134020619 4.12371134020619 4.12371134020619 2.06185567010309
"2111" 1.10294117647059 13.2352941176471 13.2352941176471 11.0294117647059 0 4.77941176470588 29.7794117647059 5.88235294117647 5.88235294117647 0 1.83823529411765 4.04411764705882 0.735294117647059 1.47058823529412 5.14705882352941 1.47058823529412 0.367647058823529
"2112" 7.4468085106383 19.1489361702128 10.6382978723404 21.2765957446809 0 3.19148936170213 10.6382978723404 3.19148936170213 2.12765957446809 0 4.25531914893617 2.12765957446809 0 9.57446808510638 3.19148936170213 3.19148936170213 0
"2113" 5.08474576271187 23.3898305084746 6.77966101694915 14.5762711864407 0 4.06779661016949 17.2881355932203 6.10169491525424 5.42372881355932 0.338983050847458 1.01694915254237 8.13559322033898 1.35593220338983 0 3.05084745762712 1.69491525423729 1.69491525423729
"2114" 1.81818181818182 7.27272727272727 6.36363636363636 23.6363636363636 0 10 13.6363636363636 9.09090909090909 4.54545454545455 0 5.45454545454545 4.54545454545455 0.909090909090909 2.72727272727273 5.45454545454545 3.63636363636364 0.909090909090909
"2116" 2.98507462686567 5.97014925373134 7.46268656716418 1.49253731343284 0 10.4477611940298 32.8358208955224 16.4179104477612 1.49253731343284 0 2.98507462686567 5.97014925373134 0 0 10.4477611940298 0 1.49253731343284
"3007" 3.07898259705489 15.2610441767068 7.76439089692102 11.2449799196787 0 3.7483266398929 2.81124497991968 2.40963855421687 4.55153949129853 0.535475234270415 2.94511378848728 7.49665327978581 0.669344042838019 1.60642570281124 8.96921017402945 12.7175368139224 14.190093708166
"3011" 0 33.3333333333333 16.6666666666667 0 0 0 16.6666666666667 0 16.6666666666667 0 16.6666666666667 0 0 0 0 0 0
"3012" 14.9586776859504 18.099173553719 3.22314049586777 6.03305785123967 0 4.87603305785124 32.6446280991736 2.64462809917355 1.5702479338843 0.0826446280991736 0.826446280991736 6.8595041322314 0.661157024793388 0.165289256198347 3.96694214876033 0.909090909090909 2.47933884297521
"3013" 3.1304347826087 45.0434782608696 1.21739130434783 10.2608695652174 0 1.56521739130435 2.95652173913043 2.78260869565217 2.60869565217391 0.173913043478261 2.08695652173913 9.56521739130435 1.73913043478261 0 6.26086956521739 3.30434782608696 7.30434782608696
"3014" 2.31381055676067 6.50759219088937 6.4352856109906 9.25524222704266 0 0.144613159797542 2.09689081706435 10.9182935647144 7.23065798987708 0.433839479392625 0.433839479392625 18.4381778741866 2.02458423716558 0.867678958785249 17.9320318148952 8.53217642805495 6.4352856109906
"3015" 0 0 20.9302325581395 2.32558139534884 0 0 2.32558139534884 34.8837209302326 4.65116279069767 4.65116279069767 0 13.953488372093 0 2.32558139534884 13.953488372093 0 0
"3018" 1.11317254174397 15.3988868274583 15.2133580705009 13.3580705009276 0.371057513914657 11.317254174397 11.317254174397 5.56586270871985 4.08163265306122 0 1.66975881261596 7.97773654916512 0.371057513914657 0.927643784786642 7.60667903525046 2.78293135435993 0.927643784786642
"3019" 6.56934306569343 22.2627737226277 12.7737226277372 21.8978102189781 0 1.82481751824817 6.56934306569343 5.47445255474453 3.28467153284672 0 2.18978102189781 8.02919708029197 0.364963503649635 0.364963503649635 5.47445255474453 1.09489051094891 1.82481751824817
"3020" 10.5691056910569 16.8021680216802 12.4661246612466 5.42005420054201 0 11.6531165311653 26.2872628726287 6.77506775067751 1.3550135501355 0 2.4390243902439 1.6260162601626 0.2710027100271 0 2.4390243902439 0.813008130081301 1.0840108401084
"3021" 2.09059233449477 16.3763066202091 12.8919860627178 8.36236933797909 0 3.13588850174216 10.801393728223 8.36236933797909 5.57491289198606 2.09059233449477 3.13588850174216 5.57491289198606 0.696864111498258 3.48432055749129 8.36236933797909 3.83275261324042 5.22648083623693
"3022" 3.72750642673522 3.2133676092545 15.5526992287918 13.3676092544987 0 12.5964010282776 26.0925449871465 9.89717223650386 3.08483290488432 0.77120822622108 2.31362467866324 3.34190231362468 1.02827763496144 1.15681233933162 3.34190231362468 0.25706940874036 0.25706940874036
"3023" 6.08228980322004 17.5313059033989 13.4168157423971 18.2468694096601 0 11.0912343470483 13.5957066189624 1.96779964221825 2.68336314847943 2.14669051878354 0.178890876565295 2.68336314847943 0.536672629695885 2.86225402504472 5.54561717352415 0.35778175313059 1.07334525939177
"3024" 14.575411913815 22.6869455006337 9.25221799746515 12.1673003802281 0 11.1533586818758 3.42205323193916 7.47782002534854 4.30925221799747 0.126742712294043 1.14068441064639 4.30925221799747 0.633713561470215 1.01394169835234 3.92902408111534 1.64765525982256 2.15462610899873
"3026" 6.91489361702128 5.31914893617021 27.1276595744681 13.2978723404255 2.12765957446809 12.2340425531915 13.2978723404255 4.78723404255319 2.12765957446809 0.531914893617021 1.59574468085106 4.25531914893617 2.65957446808511 1.59574468085106 1.06382978723404 0 1.06382978723404
"3028" 5.07380073800738 18.450184501845 23.3394833948339 14.1143911439114 0.0922509225092251 7.47232472324723 19.8339483394834 2.39852398523985 1.93726937269373 0.3690036900369 1.56826568265683 0.830258302583026 0.461254612546125 1.66051660516605 2.30627306273063 0.0922509225092251 0
"3029" 6.66666666666667 13.3333333333333 13.3333333333333 0 0 6.66666666666667 13.3333333333333 0 6.66666666666667 0 26.6666666666667 6.66666666666667 0 6.66666666666667 0 0 0
"3031" 0 0 0 0 0 0 25 0 25 0 25 0 0 25 0 0 0
"3032" 6.38297872340426 16.7173252279635 19.1489361702128 12.1580547112462 0 3.95136778115502 17.3252279635258 6.68693009118541 3.95136778115502 0.303951367781155 0.911854103343465 5.47112462006079 0.303951367781155 2.43161094224924 3.64741641337386 0.303951367781155 0.303951367781155
"3035" 5.47945205479452 4.10958904109589 5.47945205479452 8.9041095890411 0 2.05479452054794 39.041095890411 10.958904109589 3.42465753424658 0 0.684931506849315 5.47945205479452 0.684931506849315 2.73972602739726 10.2739726027397 0 0.684931506849315
"3037" 0 27.027027027027 0 5.40540540540541 0 5.40540540540541 2.7027027027027 0 2.7027027027027 0 24.3243243243243 2.7027027027027 2.7027027027027 2.7027027027027 5.40540540540541 8.10810810810811 10.8108108108108
"5001" 8.57142857142857 14.8571428571429 8.57142857142857 13.1428571428571 0 6.28571428571429 11.4285714285714 2.28571428571429 6.28571428571429 0 5.14285714285714 6.28571428571429 1.71428571428571 2.28571428571429 4 6.28571428571429 2.85714285714286
"5002" 1.52671755725191 9.9236641221374 26.7175572519084 12.9770992366412 0 1.52671755725191 5.34351145038168 9.9236641221374 5.34351145038168 0 5.34351145038168 4.58015267175572 0 3.81679389312977 10.6870229007634 1.52671755725191 0.763358778625954
"5003" 0.45045045045045 8.55855855855856 20.2702702702703 11.7117117117117 0 7.20720720720721 13.0630630630631 2.7027027027027 5.85585585585586 0.45045045045045 2.7027027027027 5.85585585585586 0.900900900900901 8.55855855855856 7.20720720720721 1.8018018018018 2.7027027027027
"5004" 0.225225225225225 2.92792792792793 14.8648648648649 10.5855855855856 0 1.12612612612613 11.7117117117117 9.90990990990991 9.68468468468468 1.8018018018018 0.675675675675676 7.20720720720721 0.45045045045045 3.6036036036036 15.3153153153153 4.05405405405405 5.85585585585586
"5005" 3.7037037037037 20.3703703703704 12.962962962963 7.40740740740741 0 0 11.1111111111111 9.25925925925926 11.1111111111111 0 11.1111111111111 3.7037037037037 1.85185185185185 0 5.55555555555556 1.85185185185185 0
"5008" 12.4401913875598 27.7511961722488 8.13397129186603 10.0478468899522 0 10.0478468899522 11.9617224880383 2.87081339712919 1.91387559808612 0.478468899521531 3.34928229665072 1.91387559808612 1.43540669856459 2.39234449760766 3.82775119617225 1.43540669856459 0
"5009" 3.2258064516129 3.2258064516129 12.9032258064516 12.9032258064516 0 3.2258064516129 9.67741935483871 0 19.3548387096774 3.2258064516129 3.2258064516129 0 0 9.67741935483871 12.9032258064516 3.2258064516129 3.2258064516129
"5010" 14.0710382513661 26.5027322404372 11.6120218579235 5.60109289617486 15.4371584699454 7.92349726775956 4.6448087431694 2.04918032786885 4.0983606557377 0.409836065573771 1.22950819672131 1.50273224043716 0.273224043715847 1.22950819672131 1.22950819672131 0.683060109289617 1.50273224043716
"5011" 1.21212121212121 5.75757575757576 27.2727272727273 28.4848484848485 0 10.3030303030303 5.15151515151515 2.42424242424242 3.33333333333333 1.51515151515152 0.606060606060606 6.06060606060606 0.303030303030303 1.81818181818182 5.45454545454545 0.303030303030303 0
"5012" 1.28205128205128 3.2051282051282 14.7435897435897 1.28205128205128 0 2.56410256410256 16.6666666666667 10.2564102564103 3.84615384615385 3.2051282051282 2.56410256410256 5.12820512820513 5.76923076923077 1.92307692307692 20.5128205128205 0.641025641025641 6.41025641025641
"5013" 33.0739299610895 10.5058365758755 16.7315175097276 9.33852140077821 0.389105058365759 3.11284046692607 5.44747081712062 3.89105058365759 5.83657587548638 1.16731517509728 0.389105058365759 5.05836575875486 0.389105058365759 1.16731517509728 2.72373540856031 0.389105058365759 0.389105058365759
"5015" 2.05655526992288 18.2519280205656 6.68380462724936 9.51156812339332 0 3.59897172236504 20.5655526992288 12.0822622107969 3.34190231362468 0.25706940874036 0.77120822622108 3.08483290488432 1.02827763496144 0.77120822622108 5.91259640102828 3.34190231362468 8.74035989717224
"5016" 4.55037919826652 14.8429035752979 11.0509209100758 8.34236186348862 0 3.90032502708559 17.7681473456121 15.3846153846154 6.71722643553629 0.541711809317443 0.541711809317443 3.46695557963164 0.866738894907909 0.866738894907909 8.45070422535211 0.75839653304442 1.9501625135428
"5017" 4.54545454545455 3.03030303030303 6.06060606060606 1.51515151515152 0 1.51515151515152 18.1818181818182 7.57575757575758 10.6060606060606 0 6.06060606060606 9.09090909090909 0 6.06060606060606 18.1818181818182 3.03030303030303 4.54545454545455
"5018" 0 14.2857142857143 0 7.14285714285714 0 0 14.2857142857143 0 21.4285714285714 7.14285714285714 28.5714285714286 7.14285714285714 0 0 0 0 0
"5019" 0 0 36.3636363636364 0 0 0 0 0 0 0 9.09090909090909 0 0 36.3636363636364 18.1818181818182 0 0
"5020" 0 6.25 9.375 15.625 0 9.375 6.25 3.125 6.25 3.125 12.5 6.25 0 18.75 3.125 0 0
"5021" 0 0 0 0 0 0 26.3157894736842 5.26315789473684 36.8421052631579 0 26.3157894736842 0 0 0 5.26315789473684 0 0
"5022" 0.645161290322581 6.45161290322581 20 11.6129032258065 0 1.29032258064516 21.2903225806452 5.16129032258065 7.09677419354839 1.29032258064516 1.93548387096774 5.16129032258065 1.93548387096774 6.45161290322581 5.80645161290323 2.58064516129032 1.29032258064516
"5024" 3.65853658536585 10.7317073170732 27.0731707317073 12.1951219512195 0 3.90243902439024 10.2439024390244 6.82926829268293 2.68292682926829 1.21951219512195 0.975609756097561 4.63414634146341 1.21951219512195 0.731707317073171 10.7317073170732 0.975609756097561 2.19512195121951
"5026" 0 0 25 0 0 50 0 0 0 0 0 0 0 0 25 0 0
"5027" 3.48432055749129 2.78745644599303 22.6480836236934 11.1498257839721 0 4.52961672473868 8.36236933797909 5.57491289198606 2.4390243902439 1.74216027874564 1.74216027874564 5.22648083623693 0.696864111498258 4.8780487804878 14.6341463414634 4.52961672473868 5.57491289198606
"5028" 0 0 10 0 0 5 25 20 25 0 10 0 0 0 5 0 0
"5029" 0 2.18978102189781 11.6788321167883 21.1678832116788 0 1.45985401459854 5.10948905109489 5.83941605839416 8.02919708029197 3.64963503649635 0.72992700729927 10.2189781021898 6.56934306569343 5.83941605839416 12.4087591240876 2.18978102189781 2.91970802919708
"5030" 3.54609929078014 17.0212765957447 15.6028368794326 12.0567375886525 0 3.90070921985816 4.25531914893617 3.90070921985816 5.67375886524823 1.06382978723404 3.54609929078014 7.80141843971631 0.354609929078014 7.09219858156028 8.15602836879433 2.4822695035461 3.54609929078014
"5031" 0 0 23.8805970149254 4.47761194029851 0 2.98507462686567 2.98507462686567 2.98507462686567 20.8955223880597 0 11.9402985074627 4.47761194029851 0 5.97014925373134 10.4477611940298 4.47761194029851 4.47761194029851
"5032" 1.51515151515152 5.3030303030303 14.3939393939394 12.8787878787879 0 3.78787878787879 17.4242424242424 14.3939393939394 6.06060606060606 1.51515151515152 1.51515151515152 7.57575757575758 0.757575757575758 2.27272727272727 6.06060606060606 3.03030303030303 1.51515151515152
"5033" 0.967741935483871 1.29032258064516 14.8387096774194 5.48387096774194 0 2.90322580645161 10.9677419354839 12.9032258064516 4.51612903225806 2.25806451612903 1.93548387096774 3.54838709677419 4.83870967741935 3.54838709677419 20.6451612903226 2.58064516129032 6.7741935483871
"5034" 0 0 2.4390243902439 17.0731707317073 0 2.4390243902439 17.0731707317073 4.8780487804878 21.9512195121951 0 7.31707317073171 0 0 2.4390243902439 17.0731707317073 2.4390243902439 4.8780487804878
"5036" 28.125 3.125 12.5 3.125 0 6.25 14.0625 12.5 1.5625 0 4.6875 1.5625 0 4.6875 7.8125 0 0
"5037" 10.6382978723404 3.19148936170213 3.19148936170213 3.19148936170213 0 1.06382978723404 36.1702127659575 20.2127659574468 6.38297872340426 0 7.4468085106383 0 1.06382978723404 1.06382978723404 4.25531914893617 2.12765957446809 0
"5038" 0 0 10 0 0 0 15 0 40 0 10 5 0 10 5 5 0
"1101" NA NA NA NA NA NA NA NA NA NA NA NA NA NA NA NA NA
"1102" NA NA NA NA NA NA NA NA NA NA NA NA NA NA NA NA NA
"1104" NA NA NA NA NA NA NA NA NA NA NA NA NA NA NA NA NA
"1105" NA NA NA NA NA NA NA NA NA NA NA NA NA NA NA NA NA
"1106" NA NA NA NA NA NA NA NA NA NA NA NA NA NA NA NA NA
"1110" NA NA NA NA NA NA NA NA NA NA NA NA NA NA NA NA NA
"1111" NA NA NA NA NA NA NA NA NA NA NA NA NA NA NA NA NA
"1114" NA NA NA NA NA NA NA NA NA NA NA NA NA NA NA NA NA
"1115" NA NA NA NA NA NA NA NA NA NA NA NA NA NA NA NA NA
"1116" NA NA NA NA NA NA NA NA NA NA NA NA NA NA NA NA NA
"1118" NA NA NA NA NA NA NA NA NA NA NA NA NA NA NA NA NA
"1119" NA NA NA NA NA NA NA NA NA NA NA NA NA NA NA NA NA
"1120" NA NA NA NA NA NA NA NA NA NA NA NA NA NA NA NA NA
"1122" NA NA NA NA NA NA NA NA NA NA NA NA NA NA NA NA NA
"1123" NA NA NA NA NA NA NA NA NA NA NA NA NA NA NA NA NA
"1125" NA NA NA NA NA NA NA NA NA NA NA NA NA NA NA NA NA
"1127" NA NA NA NA NA NA NA NA NA NA NA NA NA NA NA NA NA
"1128" NA NA NA NA NA NA NA NA NA NA NA NA NA NA NA NA NA
"1129" NA NA NA NA NA NA NA NA NA NA NA NA NA NA NA NA NA
"1130" NA NA NA NA NA NA NA NA NA NA NA NA NA NA NA NA NA
"1131" NA NA NA NA NA NA NA NA NA NA NA NA NA NA NA NA NA
"1133" NA NA NA NA NA NA NA NA NA NA NA NA NA NA NA NA NA
"1142" NA NA NA NA NA NA NA NA NA NA NA NA NA NA NA NA NA
"1143" NA NA NA NA NA NA NA NA NA NA NA NA NA NA NA NA NA
"1146" NA NA NA NA NA NA NA NA NA NA NA NA NA NA NA NA NA
"1150" NA NA NA NA NA NA NA NA NA NA NA NA NA NA NA NA NA
"1152" NA NA NA NA NA NA NA NA NA NA NA NA NA NA NA NA NA
"1153" NA NA NA NA NA NA NA NA NA NA NA NA NA NA NA NA NA
"1154" NA NA NA NA NA NA NA NA NA NA NA NA NA NA NA NA NA
"1156" NA NA NA NA NA NA NA NA NA NA NA NA NA NA NA NA NA
"1160" NA NA NA NA NA NA NA NA NA NA NA NA NA NA NA NA NA
"1162" NA NA NA NA NA NA NA NA NA NA NA NA NA NA NA NA NA
"1163" NA NA NA NA NA NA NA NA NA NA NA NA NA NA NA NA NA
"1164" NA NA NA NA NA NA NA NA NA NA NA NA NA NA NA NA NA
"1166" NA NA NA NA NA NA NA NA NA NA NA NA NA NA NA NA NA
"1168" NA NA NA NA NA NA NA NA NA NA NA NA NA NA NA NA NA
"1169" NA NA NA NA NA NA NA NA NA NA NA NA NA NA NA NA NA
"1170" NA NA NA NA NA NA NA NA NA NA NA NA NA NA NA NA NA
"1171" NA NA NA NA NA NA NA NA NA NA NA NA NA NA NA NA NA
"1173" NA NA NA NA NA NA NA NA NA NA NA NA NA NA NA NA NA
"1174" NA NA NA NA NA NA NA NA NA NA NA NA NA NA NA NA NA
"1178" NA NA NA NA NA NA NA NA NA NA NA NA NA NA NA NA NA
"1179" NA NA NA NA NA NA NA NA NA NA NA NA NA NA NA NA NA
"2101" NA NA NA NA NA NA NA NA NA NA NA NA NA NA NA NA NA
"2102" NA NA NA NA NA NA NA NA NA NA NA NA NA NA NA NA NA
"2103" NA NA NA NA NA NA NA NA NA NA NA NA NA NA NA NA NA
"2104" NA NA NA NA NA NA NA NA NA NA NA NA NA NA NA NA NA
"2105" NA NA NA NA NA NA NA NA NA NA NA NA NA NA NA NA NA
"2106" NA NA NA NA NA NA NA NA NA NA NA NA NA NA NA NA NA
"2109" NA NA NA NA NA NA NA NA NA NA NA NA NA NA NA NA NA
"2115" NA NA NA NA NA NA NA NA NA NA NA NA NA NA NA NA NA
"2117" NA NA NA NA NA NA NA NA NA NA NA NA NA NA NA NA NA
"2118" NA NA NA NA NA NA NA NA NA NA NA NA NA NA NA NA NA
"2120" NA NA NA NA NA NA NA NA NA NA NA NA NA NA NA NA NA
"2121" NA NA NA NA NA NA NA NA NA NA NA NA NA NA NA NA NA
"2122" NA NA NA NA NA NA NA NA NA NA NA NA NA NA NA NA NA
"2123" NA NA NA NA NA NA NA NA NA NA NA NA NA NA NA NA NA
"2124" NA NA NA NA NA NA NA NA NA NA NA NA NA NA NA NA NA
"3001" NA NA NA NA NA NA NA NA NA NA NA NA NA NA NA NA NA
"3002" NA NA NA NA NA NA NA NA NA NA NA NA NA NA NA NA NA
"3003" NA NA NA NA NA NA NA NA NA NA NA NA NA NA NA NA NA
"3004" NA NA NA NA NA NA NA NA NA NA NA NA NA NA NA NA NA
"3005" NA NA NA NA NA NA NA NA NA NA NA NA NA NA NA NA NA
"3006" NA NA NA NA NA NA NA NA NA NA NA NA NA NA NA NA NA
"3008" NA NA NA NA NA NA NA NA NA NA NA NA NA NA NA NA NA
"3009" NA NA NA NA NA NA NA NA NA NA NA NA NA NA NA NA NA
"3010" NA NA NA NA NA NA NA NA NA NA NA NA NA NA NA NA NA
"3016" NA NA NA NA NA NA NA NA NA NA NA NA NA NA NA NA NA
"3017" NA NA NA NA NA NA NA NA NA NA NA NA NA NA NA NA NA
"3025" NA NA NA NA NA NA NA NA NA NA NA NA NA NA NA NA NA
"3027" NA NA NA NA NA NA NA NA NA NA NA NA NA NA NA NA NA
"3030" NA NA NA NA NA NA NA NA NA NA NA NA NA NA NA NA NA
"3033" NA NA NA NA NA NA NA NA NA NA NA NA NA NA NA NA NA
"3034" NA NA NA NA NA NA NA NA NA NA NA NA NA NA NA NA NA
"3039" NA NA NA NA NA NA NA NA NA NA NA NA NA NA NA NA NA
"5006" NA NA NA NA NA NA NA NA NA NA NA NA NA NA NA NA NA
"5007" NA NA NA NA NA NA NA NA NA NA NA NA NA NA NA NA NA
"5014" NA NA NA NA NA NA NA NA NA NA NA NA NA NA NA NA NA
"5023" NA NA NA NA NA NA NA NA NA NA NA NA NA NA NA NA NA
"5035" NA NA NA NA NA NA NA NA NA NA NA NA NA NA NA NA NA
"6001" NA NA NA NA NA NA NA NA NA NA NA NA NA NA NA NA NA
