"Mo-Mac 2" "Mo-Mac 1" "LAM" "PVM" "IM"
"1103" 17.5564681724846 13.8090349075975 17.9158110882957 24.7433264887064 25.9753593429158
"1107" 15.9914712153518 3.41151385927505 32.1961620469083 13.0063965884861 35.3944562899787
"1108" 11.5384615384615 5.12820512820513 23.0769230769231 23.0769230769231 37.1794871794872
"1109" 75 12.5 0 12.5 0
"1112" 15.0537634408602 16.1290322580645 11.8279569892473 37.6344086021505 19.3548387096774
"1113" 16.5271966527197 12.1338912133891 14.2259414225941 30.3347280334728 26.7782426778243
"1117" 10.9195402298851 15.5172413793103 8.04597701149425 55.7471264367816 9.77011494252874
"1126" 9.96068152031455 7.07732634338139 14.6788990825688 52.0314547837484 16.2516382699869
"1132" 22.9166666666667 12.5 31.25 20.8333333333333 12.5
"1135" 11.0016420361248 16.4203612479475 10.3448275862069 46.7980295566502 15.4351395730706
"1136" 6.07287449392713 5.66801619433198 16.1943319838057 55.0607287449393 17.0040485829959
"1137" 22.1374045801527 22.1374045801527 11.4503816793893 32.0610687022901 12.2137404580153
"1138" 11.2026359143328 14.003294892916 10.5436573311367 44.9752883031301 19.2751235584843
"1139" 16.2227602905569 11.6222760290557 14.2857142857143 47.6997578692494 10.1694915254237
"1141" 13.4959349593496 8.78048780487805 13.9837398373984 36.0975609756098 27.6422764227642
"1147" 5.3030303030303 6.06060606060606 28.7878787878788 6.06060606060606 53.7878787878788
"1149" 13.3333333333333 0 26.6666666666667 33.3333333333333 26.6666666666667
"1151" 16.4179104477612 10.9452736318408 35.3233830845771 6.96517412935323 30.3482587064677
"1155" 27.3015873015873 7.61904761904762 26.3492063492064 8.57142857142857 30.1587301587302
"1157" 8.33333333333333 12.5 20.2380952380952 41.6666666666667 17.2619047619048
"1158" 21.7847769028871 14.9606299212598 13.7795275590551 24.8031496062992 24.6719160104987
"1159" 9.87261146496815 19.2675159235669 7.1656050955414 45.5414012738853 18.1528662420382
"1161" 17.0040485829959 12.5506072874494 11.5384615384615 36.4372469635627 22.4696356275304
"1165" 0 0 20 70 10
"1167" 8.82352941176471 17.6470588235294 11.7647058823529 52.9411764705882 8.82352941176471
"1172" 20 0 0 80 0
"1175" 9.11330049261084 10.0985221674877 19.2118226600985 27.0935960591133 34.4827586206897
"1176" 7.88381742738589 1.6597510373444 24.896265560166 15.7676348547718 49.792531120332
"1180" 30.2325581395349 18.6046511627907 13.953488372093 11.6279069767442 25.5813953488372
"1181" 12.568306010929 20.2185792349727 3.82513661202186 57.3770491803279 6.01092896174863
"1182" 13.3858267716535 10.2362204724409 36.2204724409449 8.66141732283465 31.496062992126
"2107" 7.84313725490196 8.40336134453782 37.8151260504202 11.2044817927171 34.733893557423
"2108" 20.3971119133574 11.1913357400722 26.8953068592058 18.4115523465704 23.1046931407942
"2110" 13.8157894736842 9.86842105263158 28.9473684210526 23.0263157894737 24.3421052631579
"2111" 8.93697083725306 7.14957666980245 30.8560677328316 21.8250235183443 31.2323612417686
"2112" 8.95238095238095 5.26984126984127 36.4444444444444 8.82539682539683 40.5079365079365
"2113" 11.8217054263566 12.984496124031 33.7209302325581 13.1782945736434 28.2945736434109
"2114" 10.3225806451613 12.258064516129 30.9677419354839 23.5483870967742 22.9032258064516
"2116" 4.3010752688172 6.45161290322581 35.4838709677419 19.3548387096774 34.4086021505376
"3007" 15.0442477876106 12.8318584070796 16.3716814159292 31.4159292035398 24.3362831858407
"3011" 9.20502092050209 12.9707112970711 28.8702928870293 26.3598326359833 22.5941422594142
"3012" 13.7323943661972 9.85915492957746 17.2535211267606 39.0845070422535 20.0704225352113
"3013" 4.16666666666667 4.16666666666667 20.8333333333333 45.8333333333333 25
"3014" 21.1111111111111 3.33333333333333 10 57.7777777777778 7.77777777777778
"3015" 32.258064516129 19.3548387096774 9.67741935483871 16.1290322580645 22.5806451612903
"3018" 24.2424242424242 6.43939393939394 23.8636363636364 18.1818181818182 27.2727272727273
"3019" 22.3300970873786 11.1650485436893 30.5825242718447 13.5922330097087 22.3300970873786
"3020" 12.2641509433962 5.66037735849057 38.6792452830189 10.377358490566 33.0188679245283
"3021" 4.83091787439614 7.2463768115942 22.866344605475 18.0354267310789 47.0209339774557
"3022" 13.8763197586727 11.6138763197587 19.1553544494721 25.0377073906486 30.316742081448
"3023" 13 10 20.6666666666667 20 36.3333333333333
"3024" 15.8631415241058 14.6189735614308 18.50699844479 21.3063763608087 29.7045101088647
"3026" 23.8532110091743 11.0091743119266 20.1834862385321 22.9357798165138 22.0183486238532
"3028" 10.4321907600596 11.177347242921 13.5618479880775 26.5275707898659 38.301043219076
"3029" 13.953488372093 10.2990033222591 32.890365448505 5.98006644518272 36.8770764119601
"3031" 11.2759643916914 5.93471810089021 31.7507418397626 13.946587537092 37.0919881305638
"3032" 9.74358974358974 5.38461538461539 42.3076923076923 11.5384615384615 31.025641025641
"3035" 18.141592920354 7.9646017699115 20.7964601769912 26.1061946902655 26.9911504424779
"3037" 11.3861386138614 9.40594059405941 28.7128712871287 13.8613861386139 36.6336633663366
"5001" 14.4893111638955 12.1140142517815 29.4536817102138 12.8266033254157 31.1163895486936
"5002" 27.1317829457364 17.8294573643411 19.8966408268734 19.1214470284238 16.0206718346253
"5003" 7.27848101265823 6.32911392405063 24.6835443037975 35.4430379746835 26.2658227848101
"5004" 18.8235294117647 10 15.6862745098039 31.1764705882353 24.3137254901961
"5005" 11.5062761506276 8.99581589958159 29.2887029288703 29.4979079497908 20.7112970711297
"5008" 8.17307692307692 9.13461538461538 27.8846153846154 29.8076923076923 25
"5009" 3.23232323232323 4.34343434343434 29.0909090909091 14.9494949494949 48.3838383838384
"5010" 13.4020618556701 17.820324005891 21.2076583210604 26.6568483063328 20.9131075110457
"5011" 19.4444444444444 11.5740740740741 17.3611111111111 27.5462962962963 24.0740740740741
"5012" 14.5077720207254 20.7253886010363 12.4352331606218 40.9326424870466 11.3989637305699
"5013" 14.2857142857143 18.5185185185185 13.7566137566138 31.7460317460317 21.6931216931217
"5015" 14.018691588785 12.6168224299065 30.8411214953271 12.1495327102804 30.3738317757009
"5016" 17.9962894248609 11.5027829313544 11.5027829313544 44.1558441558442 14.8423005565863
"5017" 18.2795698924731 5.37634408602151 32.7956989247312 13.9784946236559 29.5698924731183
"5018" 20.9239130434783 14.945652173913 25.2717391304348 10.8695652173913 27.9891304347826
"5019" 6.5359477124183 1.96078431372549 45.7516339869281 15.6862745098039 30.0653594771242
"5020" 7.48436103663986 4.24486148346738 42.7390527256479 10.254691689008 35.2770330652368
"5021" 20.0331125827815 10.9271523178808 27.1523178807947 16.5562913907285 25.3311258278146
"5022" 9.68280467445743 9.84974958263773 19.1986644407346 25.542570951586 35.7262103505843
"5024" 20.983606557377 13.4426229508197 9.50819672131147 39.672131147541 16.3934426229508
"5026" 10.9826589595376 3.46820809248555 46.8208092485549 13.8728323699422 24.8554913294798
"5027" 5.47945205479452 5.25114155251141 20.7762557077626 18.0365296803653 50.4566210045662
"5028" 13.2075471698113 12.2641509433962 23.5849056603774 23.5849056603774 27.3584905660377
"5029" 12.6315789473684 10.5263157894737 20 48.4210526315789 8.42105263157895
"5030" 13.0434782608696 14.9068322981366 16.1490683229814 29.1925465838509 26.7080745341615
"5031" 42.6332288401254 17.8683385579937 18.8087774294671 6.26959247648903 14.4200626959248
"5032" 13.1004366812227 13.9737991266376 17.0305676855895 21.3973799126638 34.4978165938865
"5033" 12.3353293413174 9.58083832335329 30.8982035928144 12.6946107784431 34.4910179640719
"5034" 35.7142857142857 24.1071428571429 15.1785714285714 10.7142857142857 14.2857142857143
"5036" 9.87124463519313 9.01287553648069 36.6952789699571 10.5150214592275 33.9055793991416
"5037" 9.58904109589041 12.3287671232877 34.7945205479452 18.6301369863014 24.6575342465753
"5038" 4.03587443946188 2.60089686098655 53.9910313901345 6.3677130044843 33.0044843049327
"1101" NA NA NA NA NA
"1102" NA NA NA NA NA
"1104" NA NA NA NA NA
"1105" NA NA NA NA NA
"1106" NA NA NA NA NA
"1110" NA NA NA NA NA
"1111" NA NA NA NA NA
"1114" NA NA NA NA NA
"1115" NA NA NA NA NA
"1116" NA NA NA NA NA
"1118" NA NA NA NA NA
"1119" NA NA NA NA NA
"1120" NA NA NA NA NA
"1122" NA NA NA NA NA
"1123" NA NA NA NA NA
"1125" NA NA NA NA NA
"1127" NA NA NA NA NA
"1128" NA NA NA NA NA
"1129" NA NA NA NA NA
"1130" NA NA NA NA NA
"1131" NA NA NA NA NA
"1133" NA NA NA NA NA
"1142" NA NA NA NA NA
"1143" NA NA NA NA NA
"1146" NA NA NA NA NA
"1150" NA NA NA NA NA
"1152" NA NA NA NA NA
"1153" NA NA NA NA NA
"1154" NA NA NA NA NA
"1156" NA NA NA NA NA
"1160" NA NA NA NA NA
"1162" NA NA NA NA NA
"1163" NA NA NA NA NA
"1164" NA NA NA NA NA
"1166" NA NA NA NA NA
"1168" NA NA NA NA NA
"1169" NA NA NA NA NA
"1170" NA NA NA NA NA
"1171" NA NA NA NA NA
"1173" NA NA NA NA NA
"1174" NA NA NA NA NA
"1178" NA NA NA NA NA
"1179" NA NA NA NA NA
"2101" NA NA NA NA NA
"2102" NA NA NA NA NA
"2103" NA NA NA NA NA
"2104" NA NA NA NA NA
"2105" NA NA NA NA NA
"2106" NA NA NA NA NA
"2109" NA NA NA NA NA
"2115" NA NA NA NA NA
"2117" NA NA NA NA NA
"2118" NA NA NA NA NA
"2120" NA NA NA NA NA
"2121" NA NA NA NA NA
"2122" NA NA NA NA NA
"2123" NA NA NA NA NA
"2124" NA NA NA NA NA
"3001" NA NA NA NA NA
"3002" NA NA NA NA NA
"3003" NA NA NA NA NA
"3004" NA NA NA NA NA
"3005" NA NA NA NA NA
"3006" NA NA NA NA NA
"3008" NA NA NA NA NA
"3009" NA NA NA NA NA
"3010" NA NA NA NA NA
"3016" NA NA NA NA NA
"3017" NA NA NA NA NA
"3025" NA NA NA NA NA
"3027" NA NA NA NA NA
"3030" NA NA NA NA NA
"3033" NA NA NA NA NA
"3034" NA NA NA NA NA
"3039" NA NA NA NA NA
"5006" NA NA NA NA NA
"5007" NA NA NA NA NA
"5014" NA NA NA NA NA
"5023" NA NA NA NA NA
"5035" NA NA NA NA NA
"6001" NA NA NA NA NA
