"Mo-Mac 2" "Mo-Mac 1" "LAM" "PVM" "IM"
"1103" 15.669797330697 15.4226396440929 14.9283242708848 26.1987147800297 27.7805239742956
"1107" 10.2669404517454 5.74948665297741 30.5954825462012 13.347022587269 40.041067761807
"1108" 10 7.5 21.25 23.75 37.5
"1109" 80 10 0 10 0
"1112" 12.5 18.75 12.5 36.4583333333333 19.7916666666667
"1113" 15.0602409638554 14.2570281124498 14.2570281124498 31.5261044176707 24.8995983935743
"1117" 12.2222222222222 14.4444444444444 8.33333333333333 55.5555555555556 9.44444444444444
"1126" 9.13642052565707 8.76095118898623 11.1389236545682 53.441802252816 17.5219023779725
"1132" 33.3333333333333 14.8148148148148 25.9259259259259 12.962962962963 12.962962962963
"1135" 9.42492012779553 18.370607028754 8.62619808306709 47.2843450479233 16.2939297124601
"1136" 5.68181818181818 8.33333333333333 14.7727272727273 52.6515151515151 18.5606060606061
"1137" 19.53125 21.09375 10.15625 35.9375 13.28125
"1138" 9.6875 17.5 8.59375 44.21875 20
"1139" 15.0943396226415 13.4433962264151 13.2075471698113 49.0566037735849 9.19811320754717
"1141" 11.1801242236025 11.3354037267081 11.9565217391304 36.4906832298137 29.0372670807453
"1147" 2.98507462686567 5.97014925373134 25.3731343283582 8.2089552238806 57.4626865671642
"1149" 17.6470588235294 0 23.5294117647059 35.2941176470588 23.5294117647059
"1151" 15.4228855721393 11.9402985074627 30.3482587064677 5.97014925373134 36.318407960199
"1155" 26.2820512820513 9.61538461538462 21.1538461538462 9.2948717948718 33.6538461538462
"1157" 5.88235294117647 11.7647058823529 20 44.7058823529412 17.6470588235294
"1158" 18.6633039092055 18.5372005044136 12.2320302648171 24.8423707440101 25.7250945775536
"1159" 8.81458966565349 20.6686930091185 6.83890577507599 45.4407294832827 18.2370820668693
"1161" 13.5188866799205 15.506958250497 9.74155069582505 35.9840954274354 25.2485089463221
"1165" 0 0 18.1818181818182 63.6363636363636 18.1818181818182
"1167" 5.88235294117647 17.6470588235294 11.7647058823529 55.8823529411765 8.82352941176471
"1172" 20 0 0 80 0
"1175" 7.09046454767726 11.9804400977995 18.5819070904645 28.8508557457213 33.4963325183374
"1176" 8.36653386454183 0.796812749003984 20.3187250996016 16.7330677290837 53.7848605577689
"1180" 24.390243902439 14.6341463414634 9.75609756097561 19.5121951219512 31.7073170731707
"1181" 10.6598984771574 21.8274111675127 4.06091370558376 54.8223350253807 8.62944162436548
"1182" 13.1782945736434 12.4031007751938 37.2093023255814 8.52713178294574 28.6821705426357
"2107" 6.05263157894737 11.3157894736842 35 12.3684210526316 35.2631578947368
"2108" 18.9141856392294 12.784588441331 24.1681260945709 17.5131348511384 26.6199649737303
"2110" 9.6969696969697 15.7575757575758 22.4242424242424 19.3939393939394 32.7272727272727
"2111" 6.81198910081744 8.81017257039055 27.4296094459582 21.9800181653043 34.9682107175295
"2112" 7.86585365853659 5.85365853658537 31.4634146341463 9.14634146341463 45.6707317073171
"2113" 10.9848484848485 13.4469696969697 32.1969696969697 12.8787878787879 30.4924242424242
"2114" 10.1796407185629 13.1736526946108 25.4491017964072 21.5568862275449 29.6407185628743
"2116" 2.04081632653061 6.12244897959184 34.6938775510204 19.3877551020408 37.7551020408163
"3007" 13.9240506329114 13.5021097046413 16.8776371308017 30.8016877637131 24.8945147679325
"3011" 11.2 12.4 27.6 23.2 25.6
"3012" 12.2448979591837 11.2244897959184 14.6258503401361 40.1360544217687 21.7687074829932
"3013" 3.57142857142857 17.8571428571429 14.2857142857143 39.2857142857143 25
"3014" 19.5876288659794 7.21649484536082 12.3711340206186 54.639175257732 6.18556701030928
"3015" 16.1290322580645 25.8064516129032 12.9032258064516 19.3548387096774 25.8064516129032
"3018" 21.0714285714286 8.21428571428571 21.0714285714286 17.1428571428571 32.5
"3019" 21.8604651162791 12.093023255814 25.1162790697674 15.3488372093023 25.5813953488372
"3020" 11.9266055045872 5.5045871559633 39.4495412844037 11.0091743119266 32.1100917431193
"3021" 3.09119010819165 8.65533230293663 20.0927357032458 20.4018547140649 47.758887171561
"3022" 11.6691285081241 13.4416543574594 16.98670605613 24.9630723781388 32.9394387001477
"3023" 12.3417721518987 12.0253164556962 20.5696202531646 19.3037974683544 35.7594936708861
"3024" 12.0184899845917 16.6409861325116 18.3359013867488 19.5685670261941 33.4360554699538
"3026" 21.2962962962963 7.40740740740741 17.5925925925926 25.9259259259259 27.7777777777778
"3028" 8.20143884892086 13.0935251798561 12.5179856115108 28.9208633093525 37.2661870503597
"3029" 12.779552715655 11.1821086261981 31.629392971246 5.43130990415335 38.9776357827476
"3031" 10.6628242074928 6.9164265129683 29.971181556196 13.5446685878963 38.9048991354467
"3032" 8.4788029925187 6.48379052369077 39.1521197007481 11.2219451371571 34.6633416458853
"3035" 16.6666666666667 10.5263157894737 17.9824561403509 24.1228070175439 30.7017543859649
"3037" 11.4832535885167 8.13397129186603 25.3588516746411 12.9186602870813 42.1052631578947
"1101" NA NA NA NA NA
"1102" NA NA NA NA NA
"1104" NA NA NA NA NA
"1105" NA NA NA NA NA
"1106" NA NA NA NA NA
"1110" NA NA NA NA NA
"1111" NA NA NA NA NA
"1114" NA NA NA NA NA
"1115" NA NA NA NA NA
"1116" NA NA NA NA NA
"1118" NA NA NA NA NA
"1119" NA NA NA NA NA
"1120" NA NA NA NA NA
"1122" NA NA NA NA NA
"1123" NA NA NA NA NA
"1125" NA NA NA NA NA
"1127" NA NA NA NA NA
"1128" NA NA NA NA NA
"1129" NA NA NA NA NA
"1130" NA NA NA NA NA
"1131" NA NA NA NA NA
"1133" NA NA NA NA NA
"1142" NA NA NA NA NA
"1143" NA NA NA NA NA
"1146" NA NA NA NA NA
"1150" NA NA NA NA NA
"1152" NA NA NA NA NA
"1153" NA NA NA NA NA
"1154" NA NA NA NA NA
"1156" NA NA NA NA NA
"1160" NA NA NA NA NA
"1162" NA NA NA NA NA
"1163" NA NA NA NA NA
"1164" NA NA NA NA NA
"1166" NA NA NA NA NA
"1168" NA NA NA NA NA
"1169" NA NA NA NA NA
"1170" NA NA NA NA NA
"1171" NA NA NA NA NA
"1173" NA NA NA NA NA
"1174" NA NA NA NA NA
"1178" NA NA NA NA NA
"1179" NA NA NA NA NA
"2101" NA NA NA NA NA
"2102" NA NA NA NA NA
"2103" NA NA NA NA NA
"2104" NA NA NA NA NA
"2105" NA NA NA NA NA
"2106" NA NA NA NA NA
"2109" NA NA NA NA NA
"2115" NA NA NA NA NA
"2117" NA NA NA NA NA
"2118" NA NA NA NA NA
"2120" NA NA NA NA NA
"2121" NA NA NA NA NA
"2122" NA NA NA NA NA
"2123" NA NA NA NA NA
"2124" NA NA NA NA NA
"3001" NA NA NA NA NA
"3002" NA NA NA NA NA
"3003" NA NA NA NA NA
"3004" NA NA NA NA NA
"3005" NA NA NA NA NA
"3006" NA NA NA NA NA
"3008" NA NA NA NA NA
"3009" NA NA NA NA NA
"3010" NA NA NA NA NA
"3016" NA NA NA NA NA
"3017" NA NA NA NA NA
"3025" NA NA NA NA NA
"3027" NA NA NA NA NA
"3030" NA NA NA NA NA
"3033" NA NA NA NA NA
"3034" NA NA NA NA NA
"3039" NA NA NA NA NA
