"Mo-Mac" "LAM" "PVM" "IM"
"1103" 26.0393873085339 15.4266958424508 30.8533916849015 27.6805251641138
"1107" 14.4927536231884 32.8502415458937 11.3526570048309 41.304347826087
"1108" 12.6760563380282 21.1267605633803 29.5774647887324 36.6197183098592
"1109" 77.7777777777778 0 22.2222222222222 0
"1112" 23.3333333333333 11.1111111111111 44.4444444444444 21.1111111111111
"1113" 23.9179954441913 14.5785876993166 35.7630979498861 25.7403189066059
"1117" 19.5266272189349 7.69230769230769 62.7218934911243 10.0591715976331
"1126" 12.2758620689655 12.551724137931 57.5172413793103 17.6551724137931
"1132" 32.5581395348837 32.5581395348837 20.9302325581395 13.953488372093
"1135" 21.1267605633803 8.62676056338028 54.5774647887324 15.669014084507
"1136" 6.03448275862069 16.3793103448276 59.051724137931 18.5344827586207
"1137" 32.5 11.6666666666667 40.8333333333333 15
"1138" 23.6577181208054 10.4026845637584 47.4832214765101 18.4563758389262
"1139" 22.1354166666667 12.7604166666667 54.1666666666667 10.9375
"1141" 16.4893617021277 10.8156028368794 42.0212765957447 30.6737588652482
"1147" 9.6 30.4 8 52
"1149" 7.69230769230769 15.3846153846154 46.1538461538462 30.7692307692308
"1151" 24.1573033707865 30.8988764044944 11.2359550561798 33.7078651685393
"1155" 22.3529411764706 25.4901960784314 11.7647058823529 40.3921568627451
"1157" 18.3006535947712 19.6078431372549 45.7516339869281 16.3398692810458
"1158" 31.6083916083916 13.006993006993 29.9300699300699 25.4545454545455
"1159" 25.69558101473 6.0556464811784 51.5548281505728 16.6939443535188
"1161" 25.5364806866953 9.87124463519313 40.5579399141631 24.0343347639485
"1165" 0 18.1818181818182 63.6363636363636 18.1818181818182
"1167" 26.4705882352941 11.7647058823529 52.9411764705882 8.82352941176471
"1172" 20 0 80 0
"1175" 17.5853018372703 16.010498687664 30.4461942257218 35.9580052493438
"1176" 3.55555555555556 23.5555555555556 16 56.8888888888889
"1180" 40.5405405405405 2.7027027027027 24.3243243243243 32.4324324324324
"1181" 26.9230769230769 4.94505494505495 62.0879120879121 6.04395604395604
"1182" 19.6428571428571 38.3928571428571 12.5 29.4642857142857
"2107" 12.5 39.3292682926829 12.8048780487805 35.3658536585366
"2108" 25.2545824847251 27.0875763747454 21.5885947046843 26.0692464358452
"2110" 23.448275862069 28.2758620689655 22.0689655172414 26.2068965517241
"2111" 12.4620060790274 29.6859169199595 24.822695035461 33.0293819655522
"2112" 10.4010876954453 35.8939496940857 10.8769544527532 42.8280081577158
"2113" 21.1864406779661 30.5084745762712 16.9491525423729 31.3559322033898
"2114" 16.3763066202091 27.1777003484321 29.616724738676 26.8292682926829
"2116" 9.89010989010989 35.1648351648352 19.7802197802198 35.1648351648352
"3007" 23.943661971831 14.5539906103286 38.4976525821596 23.0046948356808
"3011" 13.8248847926267 28.5714285714286 32.7188940092166 24.8847926267281
"3012" 19.7080291970803 15.3284671532847 44.1605839416058 20.8029197080292
"3013" 4.16666666666667 20.8333333333333 50 25
"3014" 20.2380952380952 9.52380952380952 63.0952380952381 7.14285714285714
"3015" 51.7241379310345 3.44827586206897 17.2413793103448 27.5862068965517
"3018" 21.9178082191781 23.2876712328767 22.3744292237443 32.4200913242009
"3019" 31.3186813186813 26.9230769230769 15.3846153846154 26.3736263736264
"3020" 13.6842105263158 41.0526315789474 12.6315789473684 32.6315789473684
"3021" 10.3389830508475 21.5254237288136 20.8474576271186 47.2881355932203
"3022" 22.2929936305732 18.312101910828 27.8662420382166 31.5286624203822
"3023" 16.6666666666667 20.6521739130435 22.463768115942 40.2173913043478
"3024" 22.4561403508772 19.4736842105263 26.140350877193 31.9298245614035
"3026" 29.0697674418605 16.2790697674419 26.7441860465116 27.906976744186
"3028" 16.4341085271318 11.7829457364341 31.3178294573643 40.4651162790698
"3029" 21.505376344086 36.2007168458781 6.81003584229391 35.4838709677419
"3031" 14.5214521452145 28.0528052805281 16.1716171617162 41.2541254125413
"3032" 11.0795454545455 41.1931818181818 13.6363636363636 34.0909090909091
"3035" 20.7729468599034 20.7729468599034 29.951690821256 28.5024154589372
"3037" 18.2741116751269 31.4720812182741 16.751269035533 33.502538071066
"5001" 25.2577319587629 24.7422680412371 14.4329896907216 35.5670103092784
"5002" 37.2832369942197 18.2080924855491 26.0115606936416 18.4971098265896
"5003" 11.8243243243243 23.6486486486486 37.8378378378378 26.6891891891892
"5004" 24.6861924686192 13.3891213389121 34.5188284518828 27.4058577405858
"5005" 15.158371040724 26.6968325791855 36.1990950226244 21.9457013574661
"5008" 14.0540540540541 24.3243243243243 32.972972972973 28.6486486486486
"5009" 5.26859504132231 28.6157024793388 16.4256198347107 49.6900826446281
"5010" 22.4165341812401 17.9650238473768 37.9968203497615 21.6216216216216
"5011" 23.2804232804233 14.8148148148148 35.4497354497354 26.4550264550265
"5012" 30.2702702702703 11.8918918918919 44.3243243243243 13.5135135135135
"5013" 27.4193548387097 12.3655913978495 35.4838709677419 24.7311827956989
"5015" 22.7053140096618 30.4347826086957 15.9420289855072 30.9178743961353
"5016" 23.6734693877551 8.97959183673469 50.2040816326531 17.1428571428571
"5017" 14.2857142857143 33.7662337662338 16.8831168831169 35.0649350649351
"5018" 31.4024390243902 24.6951219512195 14.0243902439024 29.8780487804878
"5019" 3.64963503649635 45.2554744525547 19.7080291970803 31.3868613138686
"5020" 8.19434372733865 41.2617839013778 12.037708484409 38.5061638868745
"5021" 23.2902033271719 26.0628465804067 22.735674676525 27.9112754158965
"5022" 14.721723518851 16.1579892280072 29.802513464991 39.3177737881508
"5024" 28.0701754385965 8.07017543859649 46.6666666666667 17.1929824561404
"5026" 10.2564102564103 46.1538461538462 17.9487179487179 25.6410256410256
"5027" 7.61904761904762 21.9047619047619 18.3333333333333 52.1428571428571
"5028" 18.4782608695652 21.7391304347826 32.6086956521739 27.1739130434783
"5029" 21.9512195121951 17.0731707317073 51.219512195122 9.75609756097561
"5030" 20.1342281879195 14.0939597315436 35.5704697986577 30.2013422818792
"5031" 51.7509727626459 15.5642023346303 16.7315175097276 15.9533073929961
"5032" 23.7668161434978 15.2466367713004 25.1121076233184 35.8744394618834
"5033" 16.8937329700272 27.9291553133515 16.0762942779292 39.1008174386921
"5034" 51.0416666666667 13.5416666666667 16.6666666666667 18.75
"5036" 14.1860465116279 34.4186046511628 16.046511627907 35.3488372093023
"5037" 16.6666666666667 33.0357142857143 23.8095238095238 26.4880952380952
"5038" 3.36633663366337 52.4752475247525 8.31683168316832 35.8415841584158
"1101" NA NA NA NA
"1102" NA NA NA NA
"1104" NA NA NA NA
"1105" NA NA NA NA
"1106" NA NA NA NA
"1110" NA NA NA NA
"1111" NA NA NA NA
"1114" NA NA NA NA
"1115" NA NA NA NA
"1116" NA NA NA NA
"1118" NA NA NA NA
"1119" NA NA NA NA
"1120" NA NA NA NA
"1122" NA NA NA NA
"1123" NA NA NA NA
"1125" NA NA NA NA
"1127" NA NA NA NA
"1128" NA NA NA NA
"1129" NA NA NA NA
"1130" NA NA NA NA
"1131" NA NA NA NA
"1133" NA NA NA NA
"1142" NA NA NA NA
"1143" NA NA NA NA
"1146" NA NA NA NA
"1150" NA NA NA NA
"1152" NA NA NA NA
"1153" NA NA NA NA
"1154" NA NA NA NA
"1156" NA NA NA NA
"1160" NA NA NA NA
"1162" NA NA NA NA
"1163" NA NA NA NA
"1164" NA NA NA NA
"1166" NA NA NA NA
"1168" NA NA NA NA
"1169" NA NA NA NA
"1170" NA NA NA NA
"1171" NA NA NA NA
"1173" NA NA NA NA
"1174" NA NA NA NA
"1178" NA NA NA NA
"1179" NA NA NA NA
"2101" NA NA NA NA
"2102" NA NA NA NA
"2103" NA NA NA NA
"2104" NA NA NA NA
"2105" NA NA NA NA
"2106" NA NA NA NA
"2109" NA NA NA NA
"2115" NA NA NA NA
"2117" NA NA NA NA
"2118" NA NA NA NA
"2120" NA NA NA NA
"2121" NA NA NA NA
"2122" NA NA NA NA
"2123" NA NA NA NA
"2124" NA NA NA NA
"3001" NA NA NA NA
"3002" NA NA NA NA
"3003" NA NA NA NA
"3004" NA NA NA NA
"3005" NA NA NA NA
"3006" NA NA NA NA
"3008" NA NA NA NA
"3009" NA NA NA NA
"3010" NA NA NA NA
"3016" NA NA NA NA
"3017" NA NA NA NA
"3025" NA NA NA NA
"3027" NA NA NA NA
"3030" NA NA NA NA
"3033" NA NA NA NA
"3034" NA NA NA NA
"3039" NA NA NA NA
"5006" NA NA NA NA
"5007" NA NA NA NA
"5014" NA NA NA NA
"5023" NA NA NA NA
"5035" NA NA NA NA
"6001" NA NA NA NA
