"Lymphoid" "Myeloid" "Stromal" "Vascular"
"1103" 20.5779188241189 52.7643226991816 23.935192917989 2.72256555871054
"1107" 14.5294441386901 37.4793615850303 20.8035222894882 27.1876719867914
"1108" 42.5444596443228 23.2558139534884 19.1518467852257 15.0478796169631
"1109" 35.6060606060606 44.1919191919192 15.1515151515152 5.05050505050505
"1112" 34.2497136311569 41.4662084765178 19.7021764032073 4.58190148911798
"1113" 37.0807746811526 43.0562116202173 19.5559754369391 0.307038261691072
"1117" 48.743961352657 30.8695652173913 19.4202898550725 0.966183574879227
"1126" 30.4260315330426 44.2468970144247 22.8782287822878 2.44884267024488
"1132" 61.0009442870633 31.9169027384325 6.84608120868744 0.236071765816808
"1135" 22.386296515062 41.6125221500295 33.6385115180154 2.36266981689309
"1136" 55.5869872701556 16.1951909476662 21.5346534653465 6.68316831683168
"1137" 50.4362050163577 43.8386041439477 5.12540894220284 0.599781897491821
"1138" 19.5278969957082 32.8939301042305 36.4500306560392 11.1281422440221
"1139" 47.5022706630336 30.5479866787769 19.648804117469 2.30093854072056
"1141" 13.2127955493741 49.6522948539638 36.5438108484006 0.591098748261474
"1147" 12.3321885732126 6.05682172962847 21.2925382453949 60.318451451764
"1149" 18.7096774193548 26.4516129032258 29.0322580645161 25.8064516129032
"1151" 6.72212230215827 7.39658273381295 24.3255395683453 61.5557553956835
"1155" 11.861265554673 13.0526873179772 21.7103521313212 53.3756949960286
"1157" 7.69230769230769 9.80322003577817 58.0679785330948 24.4364937388193
"1158" 9.96126175982291 27.5594908688434 41.0348644161594 21.4443829551743
"1159" 16.1529457666797 19.9375731564573 38.02184939524 25.8876316816231
"1161" 5.8244231851435 16.9949352841868 45.3010692177828 31.8795723128869
"1165" 31.25 9.375 15.234375 44.140625
"1167" 5.25139664804469 3.85474860335196 39.7765363128492 51.1173184357542
"1172" 19.1729323308271 3.7593984962406 11.2781954887218 65.7894736842105
"1175" 23.0110159118727 27.2643818849449 29.5899632802938 20.1346389228886
"1176" 10.7372587827808 15.8337456704602 30.6284017812964 42.8005937654626
"1180" 32.8336902212705 31.6916488222698 5.9243397573162 29.5503211991435
"1181" 13.8244392884764 7.98530549110596 6.84454756380511 71.3457076566125
"1182" 32.1997105643994 44.5007235890014 21.9971056439942 1.30246020260492
"2107" 2.46176799701604 18.7243565833644 35.9567325624767 42.8571428571429
"2108" 2.62559075792053 13.5130404340977 30.8419394363732 53.0194293716086
"2110" 9.26430517711172 26.2488646684832 58.8555858310627 5.63124432334242
"2111" 6.09092886665216 30.9114639982597 39.5257776810964 23.4718294539917
"2112" 2.08855472013367 40.7477025898079 45.2172096908939 11.9465329991646
"2113" 10.1493550577054 31.8397827562797 43.5845213849287 14.4263408010862
"2114" 3.97137745974955 19.5706618962433 46.0107334525939 30.4472271914132
"2116" 10.6750392464678 19.1522762951334 33.7519623233909 36.4207221350078
"3007" 49.7539975399754 32.4108241082411 17.7736777367774 0.0615006150061501
"3011" 0.552922590837283 17.8909952606635 81.3586097946288 0.197472353870458
"3012" 42.7149020909393 37.4377696647859 18.0219050779954 1.82542316627946
"3013" 62.1915103652517 31.8854886475814 5.92300098716683 0
"3014" 63.4376051126808 28.5570131180626 7.50084090144635 0.504540867810293
"3015" 19.7478991596639 26.0504201680672 42.0168067226891 12.1848739495798
"3018" 17.6508972267537 12.2675367047308 45.0570962479608 25.0244698205546
"3019" 18.4594953519256 25.9628154050465 35.3253652058433 20.2523240371846
"3020" 10.0133511348465 4.53938584779706 40.3738317757009 45.0734312416555
"3021" 6.15742699957681 15.9754549301735 48.2225983918747 29.6445196783749
"3022" 19.4196428571429 25.4712301587302 16.9146825396825 38.1944444444444
"3023" 25.8904109589041 21.4155251141553 38.9041095890411 13.7899543378995
"3024" 23.1843575418994 27.3743016759777 40.3631284916201 9.07821229050279
"3026" 31.9604612850082 26.0296540362438 28.500823723229 13.5090609555189
"3028" 21.0831721470019 15.3771760154739 27.7756286266925 35.7640232108317
"3029" 0.468795780837972 13.419279226487 59.0389686492822 27.0729563433929
"3031" 0.410076157000586 26.713532513181 52.3140011716462 20.5623901581722
"3032" 13.7603305785124 21.0330578512397 34.7107438016529 30.495867768595
"3035" 11.4933541829554 25.2541047693511 24.5504300234558 38.7021110242377
"3037" 6.75675675675676 55.9121621621622 37.1621621621622 0.168918918918919
"5001" 8.57681432610745 36.9462770970782 52.1206409048068 2.35626767200754
"5002" 3.54383160138556 16.0671462829736 76.15241140421 4.23661071143086
"5003" 5.15926424405563 10.0717810677434 64.4459398833558 20.3230148048452
"5004" 16.1221590909091 28.0539772727273 31.2144886363636 24.609375
"5005" 1.63301662707838 19.8040380047506 56.2945368171021 22.2684085510689
"5008" 8.73706004140787 12.4223602484472 42.2774327122153 36.5631469979296
"5009" 1.2035010940919 41.9766593727206 42.6331145149526 14.1867250182349
"5010" 17.08612329716 23.7820364811822 46.4788732394366 12.6529669822212
"5011" 8.58739837398374 14.7103658536585 50.2286585365854 26.4735772357724
"5012" 7.13426853707415 14.7094188376754 61.6432865731463 16.5130260521042
"5013" 17.827868852459 25.5464480874317 46.5846994535519 10.0409836065574
"5015" 33.6248012718601 38.1558028616852 24.8012718600954 3.4181240063593
"5016" 26.0425296879315 27.809997238332 34.7694007180337 11.3780723557028
"5017" 4.49438202247191 20.4890945142102 52.2141440846001 22.8023793787178
"5018" 1.20068610634648 50.0857632933105 31.1320754716981 17.5814751286449
"5019" 1.57273918741809 25.8191349934469 55.1769331585845 17.4311926605505
"5020" 0.10350436196954 81.1769924589679 14.446251663463 4.27325151559959
"5021" 0.864260294865277 43.5688866293848 25.775292323335 29.7915607524148
"5022" 5.05529225908373 23.001579778831 52.1642969984202 19.7788309636651
"5024" 13.8842422214788 15.2893944463031 41.9872867179659 28.8390766142523
"5026" 0.662251655629139 76.158940397351 15.2317880794702 7.94701986754967
"5027" 11.7008443908323 23.2408524326498 39.0832328106152 25.9750703659027
"5028" 0.697211155378486 7.20451527224436 39.4090305444887 52.6892430278884
"5029" 7.72464529689963 7.51445086705202 64.6873357856017 20.0735680504467
"5030" 7.19898605830165 5.90621039290241 46.5652724968314 40.3295310519645
"5031" 1.90713101160862 20.0663349917081 54.4776119402985 23.5489220563847
"5032" 4.83646485734168 11.0299234516354 72.1990257480863 11.9345859429367
"5033" 7.800909308447 27.5185451064848 48.5522852357023 16.1282603493659
"5034" 1.3189448441247 9.2326139088729 57.3141486810552 32.1342925659472
"5036" 1.45030067209056 21.0470463388751 30.1733286169084 47.3293243721259
"5037" 1.67552104617899 12.0964446260727 38.9865140988966 47.2415202288517
"5038" 0.592592592592593 40.1777777777778 46.1925925925926 13.037037037037
