"cDC1" "cDC2B" "Mo-Mac" "Migratory DC" "pDC" "Other Mac" "cMo" "ISG+ Mo" "Cycling Myeloid" "LAM" "PVM" "nMo" "Other Mo" "IM"
"1103" 0.307314074984634 5.96189305470191 15.6422864167179 0.522433927473878 1.22925629993854 2.45851259987707 18.2851874615857 1.22925629993854 1.13706207744315 8.2360172095882 13.5525507068224 2.39704978488015 5.74677320221266 23.2944068838353
"1107" 0.410396716826265 5.74555403556772 9.30232558139535 1.09439124487004 0.547195622435021 3.55677154582763 4.65116279069767 0.547195622435021 5.33515731874145 20.656634746922 2.87277701778386 8.07113543091655 3.41997264021888 33.7893296853625
"1108" 0 5.0561797752809 5.61797752808989 2.24719101123596 1.68539325842697 4.49438202247191 16.8539325842697 2.80898876404494 3.37078651685393 8.42696629213483 6.74157303370786 6.17977528089888 14.6067415730337 21.9101123595506
"1109" 0.284090909090909 9.375 1.98863636363636 0 5.11363636363636 0 61.9318181818182 2.55681818181818 0 0 0.852272727272727 8.52272727272727 9.375 0
"1112" 0.271739130434783 8.96739130434783 6.79347826086956 0 1.35869565217391 1.90217391304348 26.0869565217391 3.80434782608696 0.815217391304348 3.26086956521739 6.25 22.2826086956522 9.51086956521739 8.69565217391304
"1113" 0.32520325203252 6.17886178861789 6.28726287262873 0.2710027100271 1.95121951219512 1.3550135501355 39.1327913279133 7.47967479674797 1.02981029810298 2.76422764227642 7.37127371273713 5.90785907859079 10.4065040650407 9.53929539295393
"1117" 0.154798761609907 7.27554179566563 6.65634674922601 0 0.464396284829721 0.619195046439629 41.1764705882353 4.3343653250774 1.08359133126935 1.54798761609907 12.0743034055728 8.6687306501548 8.82352941176471 7.12074303405573
"1126" 0.21849963583394 4.87982520029133 6.04515659140568 0.145666423889294 1.45666423889294 2.47632920611799 18.4996358339403 1.60233066278223 3.93299344501093 6.48215586307356 23.3794610342316 4.87982520029133 5.02549162418063 20.9759650400583
"1132" 0.293255131964809 2.49266862170088 2.93255131964809 0 1.90615835777126 1.02639296187683 39.0029325513196 5.42521994134897 0.439882697947214 1.46627565982405 1.02639296187683 20.3812316715543 21.7008797653959 1.90615835777126
"1135" 0.418118466898955 7.31707317073171 10.7317073170732 0.696864111498258 1.39372822299652 1.8815331010453 25.1567944250871 2.85714285714286 1.04529616724739 3.69337979094077 17.9094076655052 7.94425087108014 8.71080139372822 10.2439024390244
"1136" 1.05263157894737 7.36842105263158 5.47368421052632 1.26315789473684 4.63157894736842 1.05263157894737 12.6315789473684 0.631578947368421 2.31578947368421 8 25.6842105263158 7.57894736842105 6.10526315789474 16.2105263157895
"1137" 0 4.81481481481481 5.4320987654321 0.123456790123457 2.34567901234568 0.740740740740741 41.4814814814815 1.72839506172839 0.246913580246914 1.23456790123457 4.69135802469136 11.358024691358 21.7283950617284 4.07407407407407
"1138" 0.18001800180018 6.48064806480648 12.7812781278128 1.44014401440144 1.53015301530153 1.71017101710171 16.5616561656166 2.97029702970297 0.54005400540054 3.78037803780378 24.1224122412241 7.29072907290729 4.14041404140414 16.4716471647165
"1139" 0.678294573643411 8.13953488372093 8.13953488372093 0.484496124031008 0.968992248062015 2.32558139534884 26.5503875968992 2.03488372093023 1.16279069767442 3.00387596899225 17.7325581395349 8.33333333333333 9.59302325581395 10.8527131782946
"1141" 0.203527815468114 4.74898236092266 6.17367706919946 0.474898236092266 0.542740841248304 2.78154681139756 32.9036635006784 2.91723202170963 1.35685210312076 4.68113975576662 12.550881953867 1.9674355495251 10.0407055630936 18.6567164179104
"1147" 0.995024875621891 1.49253731343284 6.96517412935323 0.995024875621891 2.48756218905473 1.99004975124378 0.995024875621891 1.49253731343284 8.95522388059701 15.4228855721393 3.98009950248756 9.45273631840796 3.98009950248756 40.7960199004975
"1149" 0 18.6046511627907 4.65116279069767 6.97674418604651 4.65116279069767 4.65116279069767 0 0 4.65116279069767 6.97674418604651 11.6279069767442 20.9302325581395 2.32558139534884 13.953488372093
"1151" 0 7.03812316715543 12.316715542522 1.17302052785924 1.46627565982405 3.2258064516129 3.2258064516129 0.879765395894428 4.10557184750733 16.4222873900293 3.51906158357771 17.8885630498534 3.51906158357771 25.2199413489736
"1155" 0.387596899224806 10.6589147286822 11.6279069767442 0.775193798449612 2.51937984496124 9.49612403100775 5.81395348837209 2.32558139534884 6.97674418604651 13.5658914728682 3.29457364341085 4.26356589147287 2.71317829457364 25.5813953488372
"1157" 0.696864111498258 15.6794425087108 10.1045296167247 1.39372822299652 1.74216027874564 2.09059233449477 5.57491289198606 2.09059233449477 5.22648083623693 10.801393728223 25.0871080139373 3.83275261324042 2.78745644599303 12.8919860627178
"1158" 0.670498084291188 7.37547892720306 23.1800766283525 1.53256704980843 1.81992337164751 4.02298850574713 2.29885057471264 2.29885057471264 2.20306513409962 7.75862068965517 16.3793103448276 2.96934865900383 1.34099616858238 26.1494252873563
"1159" 1.11940298507463 8.67537313432836 14.2723880597015 0.746268656716418 0.466417910447761 1.9589552238806 11.9402985074627 2.23880597014925 4.57089552238806 4.2910447761194 27.8917910447761 3.17164179104478 4.19776119402985 14.4589552238806
"1161" 0.798722044728434 5.75079872204473 18.370607028754 1.2779552715655 0.798722044728434 3.19488817891374 2.3961661341853 1.75718849840256 2.87539936102236 7.66773162939297 25.5591054313099 1.2779552715655 1.11821086261981 27.1565495207668
"1165" 0 16 0 0 4 0 8 0 4 8 28 20 0 12
"1167" 1.36986301369863 19.1780821917808 5.47945205479452 5.47945205479452 0 2.73972602739726 2.73972602739726 5.47945205479452 5.47945205479452 5.47945205479452 27.3972602739726 10.958904109589 1.36986301369863 6.84931506849315
"1172" 0 10 10 0 20 0 0 10 0 0 40 10 0 0
"1175" 0.765864332603939 8.20568927789934 6.56455142231947 0.87527352297593 0.437636761487965 1.85995623632385 11.4879649890591 18.9277899343545 2.5164113785558 7.76805251641138 11.3785557986871 3.7199124726477 6.78336980306346 18.7089715536105
"1176" 0.294985250737463 3.24483775811209 3.24483775811209 0.294985250737463 0.884955752212389 4.71976401179941 3.53982300884956 0.294985250737463 8.25958702064897 14.4542772861357 5.6047197640118 3.53982300884956 3.24483775811209 48.377581120944
"1180" 0 6.19469026548673 2.65486725663717 0 1.10619469026549 1.54867256637168 63.0530973451327 3.76106194690266 0.663716814159292 1.32743362831858 1.32743362831858 0.884955752212389 14.3805309734513 3.09734513274336
"1181" 0.465116279069767 12.7906976744186 11.3953488372093 1.62790697674419 3.25581395348837 1.62790697674419 4.18604651162791 2.09302325581395 1.86046511627907 2.32558139534884 26.046511627907 19.5348837209302 7.67441860465116 5.11627906976744
"1182" 0.321543408360129 7.07395498392283 4.01929260450161 0.160771704180064 1.28617363344051 1.60771704180064 49.8392282958199 3.85852090032154 1.60771704180064 6.59163987138264 1.60771704180064 3.85852090032154 10.4501607717042 7.71704180064309
"2107" 1.1070110701107 6.45756457564576 9.22509225092251 1.29151291512915 0.55350553505535 2.76752767527675 1.8450184501845 0.738007380073801 9.77859778597786 22.3247232472325 7.19557195571956 2.9520295202952 2.02952029520295 31.7343173431734
"2108" 1.86567164179104 8.45771144278607 14.4278606965174 1.86567164179104 0.497512437810945 7.33830845771144 2.98507462686567 0.621890547263682 4.85074626865672 17.0398009950249 13.0597014925373 1.61691542288557 3.60696517412935 21.7661691542289
"2110" 1.95439739413681 13.3550488599349 9.44625407166124 1.95439739413681 4.23452768729642 0.325732899022801 9.12052117263844 1.95439739413681 6.18892508143322 10.0977198697068 11.7263843648208 4.88599348534202 1.95439739413681 22.8013029315961
"2111" 0.673854447439353 10.2425876010782 8.9622641509434 1.07816711590297 0.202156334231806 2.56064690026954 1.81940700808625 1.07816711590297 5.86253369272237 18.6657681940701 13.544474393531 1.34770889487871 1.34770889487871 32.6145552560647
"2112" 0.577200577200577 3.8961038961039 8.08080808080808 0.673400673400673 0.384800384800385 2.98220298220298 2.5974025974026 0.625300625300625 6.3973063973064 22.7032227032227 5.86820586820587 1.53920153920154 1.39490139490139 42.2799422799423
"2113" 0.205761316872428 7.30452674897119 11.4197530864198 0.823045267489712 0.51440329218107 2.05761316872428 21.0905349794239 2.16049382716049 6.5843621399177 16.0493827160494 5.65843621399177 2.16049382716049 2.98353909465021 20.9876543209877
"2114" 1.20898100172712 13.6442141623489 10.0172711571675 2.59067357512953 1.03626943005181 3.79965457685665 5.87219343696028 1.55440414507772 4.49050086355786 11.5716753022453 12.4352331606218 6.73575129533679 2.76338514680484 22.279792746114
"2116" 0 7.57575757575758 6.06060606060606 0 0 0 3.78787878787879 1.51515151515152 3.03030303030303 28.030303030303 12.8787878787879 2.27272727272727 3.78787878787879 31.0606060606061
"3007" 0 6.98529411764706 10.1102941176471 3.30882352941176 0.735294117647059 1.47058823529412 26.2867647058824 7.53676470588235 0.919117647058824 6.25 10.8455882352941 4.04411764705882 5.51470588235294 15.9926470588235
"3011" 0.845665961945032 17.1247357293869 8.24524312896406 3.38266384778013 0.845665961945032 3.17124735729387 8.24524312896406 1.05708245243129 7.82241014799154 13.107822410148 10.3594080338266 5.28541226215645 0.845665961945032 19.661733615222
"3012" 0.349344978165939 5.58951965065502 4.89082969432314 0 1.31004366812227 1.22270742358079 41.2227074235808 8.12227074235808 0.960698689956332 3.05676855895197 9.08296943231441 4.71615720524018 11.353711790393 8.12227074235808
"3013" 0.308641975308642 2.77777777777778 1.54320987654321 0.308641975308642 2.77777777777778 0 63.2716049382716 2.77777777777778 0.925925925925926 1.23456790123457 3.39506172839506 9.5679012345679 8.33333333333333 2.77777777777778
"3014" 0.581395348837209 13.1395348837209 2.90697674418605 0.232558139534884 0.930232558139535 0.232558139534884 51.1627906976744 1.27906976744186 0.232558139534884 0.581395348837209 6.16279069767442 8.48837209302325 12.4418604651163 1.62790697674419
"3015" 1.58730158730159 30.1587301587302 17.4603174603175 1.58730158730159 1.58730158730159 0 4.76190476190476 3.17460317460317 1.58730158730159 4.76190476190476 14.2857142857143 3.17460317460317 1.58730158730159 14.2857142857143
"3018" 1.49625935162095 4.23940149625935 11.9700748129676 0.997506234413965 0.997506234413965 8.97755610972569 3.24189526184539 3.49127182044888 4.98753117206983 13.4663341645885 9.47630922693267 5.7356608478803 3.49127182044888 27.431421446384
"3019" 0.492610837438424 10.0985221674877 15.2709359605911 0.492610837438424 0.492610837438424 3.20197044334975 17.2413793103448 1.47783251231527 4.67980295566502 12.5615763546798 6.1576354679803 4.92610837438424 6.1576354679803 16.7487684729064
"3020" 0 5.02793296089385 6.70391061452514 0 0 2.79329608938547 3.91061452513966 3.35195530726257 5.58659217877095 19.5530726256983 7.26256983240224 12.8491620111732 6.70391061452514 26.2569832402235
"3021" 1.24223602484472 3.35403726708075 7.70186335403727 0.62111801242236 0.248447204968944 1.98757763975155 1.11801242236025 1.61490683229814 4.09937888198758 14.6583850931677 12.9192546583851 4.22360248447205 0.62111801242236 45.5900621118012
"3022" 1.03969754253308 7.46691871455577 13.3270321361059 2.36294896030246 1.13421550094518 1.98487712665406 3.49716446124764 1.51228733459357 3.11909262759924 10.0189035916824 14.9338374291115 11.8147448015123 2.55198487712665 25.2362948960302
"3023" 0.608519269776876 8.72210953346856 11.5618661257606 1.62271805273834 1.21703853955375 3.85395537525355 5.0709939148073 1.41987829614604 4.05679513184584 13.3874239350913 9.33062880324544 7.30223123732252 2.83975659229209 29.0060851926978
"3024" 0.895522388059702 2.38805970149254 13.4328358208955 0 0.398009950248756 3.18407960199005 14.726368159204 1.29353233830846 3.88059701492537 9.75124378109453 9.55223880597015 5.67164179104478 5.37313432835821 29.452736318408
"3026" 1.75438596491228 9.94152046783626 14.0350877192982 0 1.75438596491228 9.94152046783626 2.33918128654971 1.16959064327485 9.94152046783626 8.18713450292398 11.6959064327485 4.09356725146199 0.584795321637427 24.5614035087719
"3028" 0.241837968561064 1.81378476420798 15.235792019347 0.120918984280532 0.120918984280532 2.90205562273277 1.81378476420798 1.08827085852479 3.62756952841596 7.85973397823458 15.7194679564692 4.83675937122128 1.57194679564692 43.0471584038694
"3029" 1.03950103950104 8.93970893970894 9.97920997920998 1.45530145530146 0 2.7027027027027 5.40540540540541 1.66320166320166 5.61330561330561 19.3347193347193 6.44490644490645 6.86070686070686 2.49480249480249 28.0665280665281
"3031" 1.46443514644351 6.06694560669456 8.15899581589958 1.67364016736402 0.209205020920502 4.18410041841004 2.71966527196653 1.25523012552301 6.90376569037657 19.0376569037657 10.4602510460251 3.34728033472803 0.836820083682008 33.6820083682008
"3032" 0.931098696461825 3.7243947858473 7.26256983240224 0.186219739292365 0.186219739292365 4.28305400372439 2.97951582867784 0.74487895716946 8.19366852886406 28.3054003724395 5.40037243947858 2.97951582867784 2.04841713221601 32.7746741154562
"3035" 1.21580547112462 10.9422492401216 13.677811550152 0.60790273556231 0.303951367781155 3.95136778115502 3.64741641337386 1.51975683890578 6.38297872340426 10.9422492401216 15.1975683890577 2.73556231003039 2.43161094224924 26.4437689969605
"3037" 1.15606936416185 9.2485549132948 7.51445086705202 0.289017341040462 0.867052023121387 0.867052023121387 11.849710982659 1.15606936416185 3.75722543352601 12.7167630057803 9.53757225433526 4.91329479768786 4.91329479768786 31.2138728323699
"1101" NA NA NA NA NA NA NA NA NA NA NA NA NA NA
"1102" NA NA NA NA NA NA NA NA NA NA NA NA NA NA
"1104" NA NA NA NA NA NA NA NA NA NA NA NA NA NA
"1105" NA NA NA NA NA NA NA NA NA NA NA NA NA NA
"1106" NA NA NA NA NA NA NA NA NA NA NA NA NA NA
"1110" NA NA NA NA NA NA NA NA NA NA NA NA NA NA
"1111" NA NA NA NA NA NA NA NA NA NA NA NA NA NA
"1114" NA NA NA NA NA NA NA NA NA NA NA NA NA NA
"1115" NA NA NA NA NA NA NA NA NA NA NA NA NA NA
"1116" NA NA NA NA NA NA NA NA NA NA NA NA NA NA
"1118" NA NA NA NA NA NA NA NA NA NA NA NA NA NA
"1119" NA NA NA NA NA NA NA NA NA NA NA NA NA NA
"1120" NA NA NA NA NA NA NA NA NA NA NA NA NA NA
"1122" NA NA NA NA NA NA NA NA NA NA NA NA NA NA
"1123" NA NA NA NA NA NA NA NA NA NA NA NA NA NA
"1125" NA NA NA NA NA NA NA NA NA NA NA NA NA NA
"1127" NA NA NA NA NA NA NA NA NA NA NA NA NA NA
"1128" NA NA NA NA NA NA NA NA NA NA NA NA NA NA
"1129" NA NA NA NA NA NA NA NA NA NA NA NA NA NA
"1130" NA NA NA NA NA NA NA NA NA NA NA NA NA NA
"1131" NA NA NA NA NA NA NA NA NA NA NA NA NA NA
"1133" NA NA NA NA NA NA NA NA NA NA NA NA NA NA
"1142" NA NA NA NA NA NA NA NA NA NA NA NA NA NA
"1143" NA NA NA NA NA NA NA NA NA NA NA NA NA NA
"1146" NA NA NA NA NA NA NA NA NA NA NA NA NA NA
"1150" NA NA NA NA NA NA NA NA NA NA NA NA NA NA
"1152" NA NA NA NA NA NA NA NA NA NA NA NA NA NA
"1153" NA NA NA NA NA NA NA NA NA NA NA NA NA NA
"1154" NA NA NA NA NA NA NA NA NA NA NA NA NA NA
"1156" NA NA NA NA NA NA NA NA NA NA NA NA NA NA
"1160" NA NA NA NA NA NA NA NA NA NA NA NA NA NA
"1162" NA NA NA NA NA NA NA NA NA NA NA NA NA NA
"1163" NA NA NA NA NA NA NA NA NA NA NA NA NA NA
"1164" NA NA NA NA NA NA NA NA NA NA NA NA NA NA
"1166" NA NA NA NA NA NA NA NA NA NA NA NA NA NA
"1168" NA NA NA NA NA NA NA NA NA NA NA NA NA NA
"1169" NA NA NA NA NA NA NA NA NA NA NA NA NA NA
"1170" NA NA NA NA NA NA NA NA NA NA NA NA NA NA
"1171" NA NA NA NA NA NA NA NA NA NA NA NA NA NA
"1173" NA NA NA NA NA NA NA NA NA NA NA NA NA NA
"1174" NA NA NA NA NA NA NA NA NA NA NA NA NA NA
"1178" NA NA NA NA NA NA NA NA NA NA NA NA NA NA
"1179" NA NA NA NA NA NA NA NA NA NA NA NA NA NA
"2101" NA NA NA NA NA NA NA NA NA NA NA NA NA NA
"2102" NA NA NA NA NA NA NA NA NA NA NA NA NA NA
"2103" NA NA NA NA NA NA NA NA NA NA NA NA NA NA
"2104" NA NA NA NA NA NA NA NA NA NA NA NA NA NA
"2105" NA NA NA NA NA NA NA NA NA NA NA NA NA NA
"2106" NA NA NA NA NA NA NA NA NA NA NA NA NA NA
"2109" NA NA NA NA NA NA NA NA NA NA NA NA NA NA
"2115" NA NA NA NA NA NA NA NA NA NA NA NA NA NA
"2117" NA NA NA NA NA NA NA NA NA NA NA NA NA NA
"2118" NA NA NA NA NA NA NA NA NA NA NA NA NA NA
"2120" NA NA NA NA NA NA NA NA NA NA NA NA NA NA
"2121" NA NA NA NA NA NA NA NA NA NA NA NA NA NA
"2122" NA NA NA NA NA NA NA NA NA NA NA NA NA NA
"2123" NA NA NA NA NA NA NA NA NA NA NA NA NA NA
"2124" NA NA NA NA NA NA NA NA NA NA NA NA NA NA
"3001" NA NA NA NA NA NA NA NA NA NA NA NA NA NA
"3002" NA NA NA NA NA NA NA NA NA NA NA NA NA NA
"3003" NA NA NA NA NA NA NA NA NA NA NA NA NA NA
"3004" NA NA NA NA NA NA NA NA NA NA NA NA NA NA
"3005" NA NA NA NA NA NA NA NA NA NA NA NA NA NA
"3006" NA NA NA NA NA NA NA NA NA NA NA NA NA NA
"3008" NA NA NA NA NA NA NA NA NA NA NA NA NA NA
"3009" NA NA NA NA NA NA NA NA NA NA NA NA NA NA
"3010" NA NA NA NA NA NA NA NA NA NA NA NA NA NA
"3016" NA NA NA NA NA NA NA NA NA NA NA NA NA NA
"3017" NA NA NA NA NA NA NA NA NA NA NA NA NA NA
"3025" NA NA NA NA NA NA NA NA NA NA NA NA NA NA
"3027" NA NA NA NA NA NA NA NA NA NA NA NA NA NA
"3030" NA NA NA NA NA NA NA NA NA NA NA NA NA NA
"3033" NA NA NA NA NA NA NA NA NA NA NA NA NA NA
"3034" NA NA NA NA NA NA NA NA NA NA NA NA NA NA
"3039" NA NA NA NA NA NA NA NA NA NA NA NA NA NA
