"cMo" "nMo" "Other Mo" "ISG+ Mo" "Mo-Mac 1" "Mo-Mac 2" "PVM" "IM" "LAM" "cDC2B" "Migratory DC" "cDC1" "pDC" "Cycling Myeloid"
"1103" 18.4725240608507 2.42160819621236 5.8056504191245 1.24185035703198 9.68643278484943 9.84166407947842 16.4545172306737 17.4479975162993 9.37597019559143 6.02297423160509 0.52778640173859 0.310462589257994 1.24185035703198 1.14871158025458
"1107" 4.82269503546099 8.36879432624113 3.54609929078014 0.567375886524823 3.97163120567376 7.09219858156028 9.21985815602837 27.6595744680851 21.1347517730496 5.95744680851064 1.13475177304965 0.425531914893617 0.567375886524823 5.53191489361702
"1108" 17.2413793103448 6.32183908045977 14.9425287356322 2.8735632183908 3.44827586206897 4.59770114942529 10.9195402298851 17.2413793103448 9.77011494252874 5.17241379310345 2.29885057471264 0 1.72413793103448 3.44827586206897
"1109" 61.9318181818182 8.52272727272727 9.375 2.55681818181818 0.284090909090909 2.27272727272727 0.284090909090909 0 0 9.375 0 0.284090909090909 5.11363636363636 0
"1112" 26.3013698630137 22.4657534246575 9.58904109589041 3.83561643835616 4.93150684931507 3.28767123287671 9.58904109589041 5.20547945205479 3.28767123287671 9.04109589041096 0 0.273972602739726 1.36986301369863 0.821917808219178
"1113" 39.2604676454595 5.92713431212616 10.4404567699837 7.50407830342577 3.86079390973355 4.07830342577488 8.53724850462208 6.74279499728113 3.86079390973355 6.19902120717781 0.271886895051659 0.32626427406199 1.95758564437194 1.0331702011963
"1117" 41.2403100775194 8.68217054263566 8.83720930232558 4.34108527131783 4.03100775193798 3.41085271317829 15.5038759689922 2.63565891472868 2.32558139534884 7.28682170542636 0 0.155038759689922 0.465116279069767 1.08527131782946
"1126" 18.7177597641857 4.9373618275608 5.08474576271187 1.62122328666175 5.1584377302874 5.379513633014 31.4664701547531 10.3168754605748 6.55858511422255 4.9373618275608 0.147383935151069 0.221075902726603 1.47383935151069 3.97936624907885
"1132" 39.1752577319588 20.4712812960236 21.7967599410898 5.44918998527246 1.17820324005891 2.65095729013255 1.03092783505155 1.03092783505155 2.06185567010309 2.50368188512518 0 0.294550810014728 1.91458026509573 0.441826215022091
"1135" 25.3689388615601 8.01124385101897 8.78425860857344 2.88123682361209 8.08151791988756 4.14617006324666 20.8011243851019 7.16795502459592 3.79479971890372 7.37877723120169 0.702740688685875 0.421644413211525 1.40548137737175 1.05411103302881
"1136" 12.7388535031847 7.64331210191083 6.15711252653928 0.636942675159236 4.67091295116773 3.18471337579618 29.5116772823779 10.4033970276008 8.28025477707006 7.43099787685775 1.27388535031847 1.06157112526539 4.67091295116773 2.33545647558386
"1137" 41.635687732342 11.4002478314746 21.8091697645601 1.73482032218092 3.3457249070632 3.09789343246592 5.7001239157373 2.10656753407683 1.61090458488228 4.83271375464684 0.123915737298637 0 2.3543990086741 0.247831474597274
"1138" 16.7730173199635 7.38377392889699 4.19325432999088 3.00820419325433 10.2096627164995 5.6517775752051 25.7976298997265 11.6681859617138 5.01367365542388 6.56335460346399 1.45852324521422 0.182315405651778 1.54968094804011 0.546946216955333
"1139" 26.8101761252446 8.41487279843444 9.68688845401174 2.05479452054794 5.57729941291585 6.26223091976517 20.3522504892368 3.8160469667319 5.47945205479452 8.21917808219178 0.489236790606654 0.684931506849315 0.978473581213307 1.17416829745597
"1141" 33.2875772134523 1.99039121482498 10.1578586135896 2.9512697323267 5.01029512697323 4.94166094715168 16.1290322580645 12.8345916266301 5.28483184625944 4.80439258750858 0.480439258750858 0.205902539464653 0.549073438572409 1.37268359643102
"1147" 1.02040816326531 9.69387755102041 4.08163265306122 1.53061224489796 4.08163265306122 2.04081632653061 5.61224489795918 39.2857142857143 17.3469387755102 1.53061224489796 1.02040816326531 1.02040816326531 2.55102040816327 9.18367346938776
"1149" 0 21.4285714285714 2.38095238095238 0 0 7.14285714285714 14.2857142857143 9.52380952380952 9.52380952380952 19.047619047619 7.14285714285714 0 4.76190476190476 4.76190476190476
"1151" 3.28358208955224 18.2089552238806 3.58208955223881 0.895522388059702 7.16417910447761 9.25373134328358 3.58208955223881 21.7910447761194 18.2089552238806 7.16417910447761 1.19402985074627 0 1.49253731343284 4.17910447761194
"1155" 6 4.4 2.8 2.4 6 16.4 5.8 21 13.2 11 0.8 0.4 2.6 7.2
"1157" 5.67375886524823 3.90070921985816 2.83687943262411 2.12765957446809 7.09219858156028 3.54609929078014 26.9503546099291 10.6382978723404 12.0567375886525 15.9574468085106 1.41843971631206 0.709219858156028 1.77304964539007 5.31914893617021
"1158" 2.33463035019455 3.01556420233463 1.36186770428016 2.33463035019455 14.2996108949416 14.3968871595331 19.1634241245136 19.8443579766537 9.43579766536965 7.49027237354086 1.55642023346304 0.680933852140078 1.84824902723735 2.23735408560311
"1159" 12.1212121212121 3.21969696969697 4.26136363636364 2.27272727272727 12.8787878787879 5.49242424242424 28.3143939393939 11.3636363636364 4.26136363636364 8.80681818181818 0.757575757575758 1.13636363636364 0.473484848484849 4.64015151515152
"1161" 2.43506493506494 1.2987012987013 1.13636363636364 1.78571428571429 12.6623376623377 11.038961038961 29.3831168831169 20.6168831168831 7.95454545454545 5.84415584415584 1.2987012987013 0.811688311688312 0.811688311688312 2.92207792207792
"1165" 8.33333333333333 20.8333333333333 0 0 0 0 29.1666666666667 8.33333333333333 8.33333333333333 16.6666666666667 0 0 4.16666666666667 4.16666666666667
"1167" 2.77777777777778 11.1111111111111 1.38888888888889 5.55555555555556 8.33333333333333 2.77777777777778 26.3888888888889 4.16666666666667 5.55555555555556 19.4444444444444 5.55555555555556 1.38888888888889 0 5.55555555555556
"1172" 0 10 0 10 0 10 40 0 0 10 0 0 20 0
"1175" 11.6666666666667 3.77777777777778 6.88888888888889 19.2222222222222 5.44444444444444 3.22222222222222 13.1111111111111 15.2222222222222 8.44444444444444 8.33333333333333 0.888888888888889 0.777777777777778 0.444444444444444 2.55555555555556
"1176" 3.62537764350453 3.62537764350453 3.32326283987915 0.302114803625378 0.604229607250755 6.34441087613293 12.6888217522659 40.785498489426 15.4078549848943 3.32326283987915 0.302114803625378 0.302114803625378 0.906344410876133 8.45921450151057
"1180" 63.6160714285714 0.892857142857143 14.5089285714286 3.79464285714286 1.33928571428571 2.23214285714286 1.78571428571429 2.90178571428571 0.892857142857143 6.25 0 0 1.11607142857143 0.669642857142857
"1181" 4.21545667447307 19.672131147541 7.72833723653396 2.10772833723653 10.0702576112412 4.91803278688525 25.2927400468384 3.98126463700234 1.87353629976581 12.8805620608899 1.63934426229508 0.468384074941452 3.27868852459016 1.87353629976581
"1182" 50.2431118314425 3.88978930307942 10.5348460291734 3.88978930307942 2.59319286871961 2.75526742301459 1.78282009724473 5.9967585089141 7.77957860615883 7.13128038897893 0.162074554294976 0.324149108589951 1.29659643435981 1.62074554294976
"2107" 1.9047619047619 3.04761904761905 2.0952380952381 0.761904761904762 8.19047619047619 4.38095238095238 8.95238095238095 25.5238095238095 25.3333333333333 6.66666666666667 1.33333333333333 1.14285714285714 0.571428571428571 10.0952380952381
"2108" 3.06513409961686 1.6602809706258 3.7037037037037 0.638569604086845 9.32311621966794 13.7931034482759 12.7713920817369 19.4125159642401 17.6245210727969 8.6845466155811 1.91570881226054 1.91570881226054 0.510855683269476 4.98084291187739
"2110" 9.18032786885246 4.91803278688525 1.9672131147541 1.9672131147541 8.52459016393443 5.24590163934426 10.4918032786885 17.7049180327869 12.1311475409836 13.4426229508197 1.9672131147541 1.9672131147541 4.26229508196721 6.22950819672131
"2111" 1.8595041322314 1.37741046831956 1.37741046831956 1.10192837465565 6.68044077134986 5.16528925619835 16.6666666666667 26.5151515151515 20.7988980716253 10.4683195592287 1.10192837465565 0.68870523415978 0.206611570247934 5.99173553719008
"2112" 2.67857142857143 1.58730158730159 1.43849206349206 0.64484126984127 4.76190476190476 6.39880952380952 7.44047619047619 37.1527777777778 25.5952380952381 4.01785714285714 0.694444444444444 0.595238095238095 0.396825396825397 6.59722222222222
"2113" 21.4884696016771 2.20125786163522 3.0398322851153 2.20125786163522 7.44234800838574 6.07966457023061 7.12788259958071 16.8763102725367 17.8197064989518 7.44234800838574 0.838574423480084 0.209643605870021 0.524109014675052 6.70859538784067
"2114" 6.01769911504425 6.90265486725664 2.83185840707965 1.5929203539823 7.78761061946903 6.01769911504425 12.7433628318584 17.5221238938053 15.0442477876106 13.9823008849558 2.65486725663717 1.23893805309735 1.06194690265487 4.60176991150442
"2116" 3.93700787401575 2.36220472440945 3.93700787401575 1.5748031496063 4.7244094488189 1.5748031496063 14.9606299212598 29.1338582677165 26.7716535433071 7.8740157480315 0 0 0 3.1496062992126
"3007" 26.5799256505576 4.08921933085502 5.57620817843866 7.62081784386617 5.94795539033457 6.13382899628253 13.5687732342007 10.9665427509294 7.43494423791822 7.0631970260223 3.3457249070632 0 0.743494423791822 0.929368029739777
"3011" 8.38709677419355 5.37634408602151 0.860215053763441 1.0752688172043 6.66666666666667 6.02150537634409 12.4731182795699 13.7634408602151 14.8387096774194 17.4193548387097 3.44086021505376 0.860215053763441 0.860215053763441 7.95698924731183
"3012" 41.5127528583993 4.74934036939314 11.4335971855761 8.17941952506596 2.9023746701847 3.16622691292876 10.3781882145998 5.62884784520668 3.78188214599824 5.62884784520668 0 0.351802990325418 1.31926121372032 0.967458223394899
"3013" 63.4674922600619 9.59752321981424 8.35913312693498 2.78637770897833 1.54798761609907 0.309597523219814 3.40557275541796 2.1671826625387 1.23839009287926 2.78637770897833 0.309597523219814 0.309597523219814 2.78637770897833 0.928792569659443
"3014" 51.2820512820513 8.50815850815851 12.4708624708625 1.28205128205128 0.815850815850816 2.21445221445221 6.17715617715618 0.699300699300699 1.3986013986014 13.1701631701632 0.233100233100233 0.582750582750583 0.932400932400932 0.233100233100233
"3015" 4.83870967741935 3.2258064516129 1.61290322580645 3.2258064516129 12.9032258064516 8.06451612903226 9.67741935483871 12.9032258064516 6.45161290322581 30.6451612903226 1.61290322580645 1.61290322580645 1.61290322580645 1.61290322580645
"3018" 3.29113924050633 5.82278481012658 3.54430379746835 3.54430379746835 5.82278481012658 14.9367088607595 12.1518987341772 23.0379746835443 14.9367088607595 4.30379746835443 1.0126582278481 1.51898734177215 1.0126582278481 5.06329113924051
"3019" 17.4129353233831 4.97512437810945 6.21890547263682 1.49253731343284 6.46766169154229 11.6915422885572 8.2089552238806 13.681592039801 13.4328358208955 10.1990049751244 0.497512437810945 0.497512437810945 0.497512437810945 4.72636815920398
"3020" 3.97727272727273 13.0681818181818 6.81818181818182 3.40909090909091 3.40909090909091 7.38636363636364 6.81818181818182 19.8863636363636 24.4318181818182 5.11363636363636 0 0 0 5.68181818181818
"3021" 1.14649681528662 4.3312101910828 0.636942675159236 1.65605095541401 7.13375796178344 2.54777070063694 16.8152866242038 39.3630573248408 16.5605095541401 3.43949044585987 0.636942675159236 1.27388535031847 0.254777070063694 4.20382165605096
"3022" 3.55086372360845 11.9961612284069 2.59117082533589 1.53550863723608 8.73320537428023 7.58157389635317 16.2188099808061 21.4011516314779 11.0364683301344 7.58157389635317 2.39923224568138 1.05566218809981 1.15163147792706 3.16698656429942
"3023" 5.23012552301255 7.53138075313808 2.92887029288703 1.46443514644351 7.94979079497908 8.15899581589958 12.7615062761506 23.6401673640167 13.5983263598326 8.99581589958159 1.67364016736402 0.627615062761506 1.25523012552301 4.18410041841004
"3024" 14.8445336008024 5.71715145436309 5.41624874623872 1.30391173520562 10.8324974924774 7.8234704112337 12.7382146439318 21.765295887663 11.9358074222668 2.40722166499498 0 0.902708124373119 0.401203610832498 3.91173520561685
"3026" 2.46913580246914 4.32098765432099 0.617283950617284 1.23456790123457 4.93827160493827 14.1975308641975 17.2839506172839 18.5185185185185 11.7283950617284 10.4938271604938 0 1.85185185185185 1.85185185185185 10.4938271604938
"3028" 1.82704019488429 4.8721071863581 1.58343483556638 1.09622411693057 11.0840438489647 6.94275274056029 24.4823386114495 31.5468940316687 10.5968331303289 1.82704019488429 0.121802679658952 0.243605359317905 0.121802679658952 3.65408038976857
"3029" 5.48523206751055 6.9620253164557 2.53164556962025 1.68776371308017 7.38396624472574 8.43881856540084 3.58649789029536 25.7383966244726 20.8860759493671 9.07172995780591 1.47679324894515 1.05485232067511 0 5.69620253164557
"3031" 2.80172413793103 3.44827586206897 0.862068965517241 1.29310344827586 5.17241379310345 7.97413793103448 10.1293103448276 29.0948275862069 22.4137931034483 6.25 1.72413793103448 1.50862068965517 0.21551724137931 7.11206896551724
"3032" 3.08285163776493 3.08285163776493 2.11946050096339 0.770712909441233 5.00963391136801 6.55105973025048 8.67052023121387 26.7822736030828 30.2504816955684 3.85356454720617 0.192678227360308 0.963391136801541 0.192678227360308 8.47784200385356
"3035" 3.68098159509202 2.76073619631902 2.45398773006135 1.53374233128834 7.36196319018405 11.6564417177914 16.8711656441718 21.4723926380368 12.5766871165644 11.0429447852761 0.613496932515337 1.22699386503067 0.306748466257669 6.44171779141104
"3037" 12.0234604105572 4.98533724340176 4.98533724340176 1.17302052785924 4.98533724340176 7.03812316715543 7.91788856304985 25.8064516129032 15.5425219941349 9.3841642228739 0.293255131964809 1.17302052785924 0.879765395894428 3.81231671554252
"1101" NA NA NA NA NA NA NA NA NA NA NA NA NA NA
"1102" NA NA NA NA NA NA NA NA NA NA NA NA NA NA
"1104" NA NA NA NA NA NA NA NA NA NA NA NA NA NA
"1105" NA NA NA NA NA NA NA NA NA NA NA NA NA NA
"1106" NA NA NA NA NA NA NA NA NA NA NA NA NA NA
"1110" NA NA NA NA NA NA NA NA NA NA NA NA NA NA
"1111" NA NA NA NA NA NA NA NA NA NA NA NA NA NA
"1114" NA NA NA NA NA NA NA NA NA NA NA NA NA NA
"1115" NA NA NA NA NA NA NA NA NA NA NA NA NA NA
"1116" NA NA NA NA NA NA NA NA NA NA NA NA NA NA
"1118" NA NA NA NA NA NA NA NA NA NA NA NA NA NA
"1119" NA NA NA NA NA NA NA NA NA NA NA NA NA NA
"1120" NA NA NA NA NA NA NA NA NA NA NA NA NA NA
"1122" NA NA NA NA NA NA NA NA NA NA NA NA NA NA
"1123" NA NA NA NA NA NA NA NA NA NA NA NA NA NA
"1125" NA NA NA NA NA NA NA NA NA NA NA NA NA NA
"1127" NA NA NA NA NA NA NA NA NA NA NA NA NA NA
"1128" NA NA NA NA NA NA NA NA NA NA NA NA NA NA
"1129" NA NA NA NA NA NA NA NA NA NA NA NA NA NA
"1130" NA NA NA NA NA NA NA NA NA NA NA NA NA NA
"1131" NA NA NA NA NA NA NA NA NA NA NA NA NA NA
"1133" NA NA NA NA NA NA NA NA NA NA NA NA NA NA
"1142" NA NA NA NA NA NA NA NA NA NA NA NA NA NA
"1143" NA NA NA NA NA NA NA NA NA NA NA NA NA NA
"1146" NA NA NA NA NA NA NA NA NA NA NA NA NA NA
"1150" NA NA NA NA NA NA NA NA NA NA NA NA NA NA
"1152" NA NA NA NA NA NA NA NA NA NA NA NA NA NA
"1153" NA NA NA NA NA NA NA NA NA NA NA NA NA NA
"1154" NA NA NA NA NA NA NA NA NA NA NA NA NA NA
"1156" NA NA NA NA NA NA NA NA NA NA NA NA NA NA
"1160" NA NA NA NA NA NA NA NA NA NA NA NA NA NA
"1162" NA NA NA NA NA NA NA NA NA NA NA NA NA NA
"1163" NA NA NA NA NA NA NA NA NA NA NA NA NA NA
"1164" NA NA NA NA NA NA NA NA NA NA NA NA NA NA
"1166" NA NA NA NA NA NA NA NA NA NA NA NA NA NA
"1168" NA NA NA NA NA NA NA NA NA NA NA NA NA NA
"1169" NA NA NA NA NA NA NA NA NA NA NA NA NA NA
"1170" NA NA NA NA NA NA NA NA NA NA NA NA NA NA
"1171" NA NA NA NA NA NA NA NA NA NA NA NA NA NA
"1173" NA NA NA NA NA NA NA NA NA NA NA NA NA NA
"1174" NA NA NA NA NA NA NA NA NA NA NA NA NA NA
"1178" NA NA NA NA NA NA NA NA NA NA NA NA NA NA
"1179" NA NA NA NA NA NA NA NA NA NA NA NA NA NA
"2101" NA NA NA NA NA NA NA NA NA NA NA NA NA NA
"2102" NA NA NA NA NA NA NA NA NA NA NA NA NA NA
"2103" NA NA NA NA NA NA NA NA NA NA NA NA NA NA
"2104" NA NA NA NA NA NA NA NA NA NA NA NA NA NA
"2105" NA NA NA NA NA NA NA NA NA NA NA NA NA NA
"2106" NA NA NA NA NA NA NA NA NA NA NA NA NA NA
"2109" NA NA NA NA NA NA NA NA NA NA NA NA NA NA
"2115" NA NA NA NA NA NA NA NA NA NA NA NA NA NA
"2117" NA NA NA NA NA NA NA NA NA NA NA NA NA NA
"2118" NA NA NA NA NA NA NA NA NA NA NA NA NA NA
"2120" NA NA NA NA NA NA NA NA NA NA NA NA NA NA
"2121" NA NA NA NA NA NA NA NA NA NA NA NA NA NA
"2122" NA NA NA NA NA NA NA NA NA NA NA NA NA NA
"2123" NA NA NA NA NA NA NA NA NA NA NA NA NA NA
"2124" NA NA NA NA NA NA NA NA NA NA NA NA NA NA
"3001" NA NA NA NA NA NA NA NA NA NA NA NA NA NA
"3002" NA NA NA NA NA NA NA NA NA NA NA NA NA NA
"3003" NA NA NA NA NA NA NA NA NA NA NA NA NA NA
"3004" NA NA NA NA NA NA NA NA NA NA NA NA NA NA
"3005" NA NA NA NA NA NA NA NA NA NA NA NA NA NA
"3006" NA NA NA NA NA NA NA NA NA NA NA NA NA NA
"3008" NA NA NA NA NA NA NA NA NA NA NA NA NA NA
"3009" NA NA NA NA NA NA NA NA NA NA NA NA NA NA
"3010" NA NA NA NA NA NA NA NA NA NA NA NA NA NA
"3016" NA NA NA NA NA NA NA NA NA NA NA NA NA NA
"3017" NA NA NA NA NA NA NA NA NA NA NA NA NA NA
"3025" NA NA NA NA NA NA NA NA NA NA NA NA NA NA
"3027" NA NA NA NA NA NA NA NA NA NA NA NA NA NA
"3030" NA NA NA NA NA NA NA NA NA NA NA NA NA NA
"3033" NA NA NA NA NA NA NA NA NA NA NA NA NA NA
"3034" NA NA NA NA NA NA NA NA NA NA NA NA NA NA
"3039" NA NA NA NA NA NA NA NA NA NA NA NA NA NA
