"Mo-Mac 2" "Mo-Mac 1" "PVM" "LAM" "IM" "cDC1" "cDC2B" "Migratory DC" "pDC" "ISG+ Mo" "Cycling Myeloid" "nMo" "Other Mo" "cMo"
"1103" 10.8262108262108 8.5153529597974 15.2579930357708 11.0477999366888 16.0177271288382 0.34821145932257 6.67932890155112 0.443178220955999 1.23456790123457 0.981323203545426 1.01297879075657 2.84900284900285 3.95694840139285 20.8293763849319
"1107" 11.0132158590308 2.34948604992658 8.95741556534508 22.1732745961821 24.3759177679883 0.293685756240822 6.90161527165932 1.17474302496329 0.587371512481645 0.734214390602056 5.13950073421439 8.95741556534508 3.08370044052863 4.25844346549192
"1108" 5.29411764705882 2.35294117647059 10.5882352941176 10.5882352941176 17.0588235294118 0 4.70588235294118 1.76470588235294 1.76470588235294 2.94117647058824 3.52941176470588 6.47058823529412 10.5882352941176 22.3529411764706
"1109" 1.71428571428571 0.285714285714286 0.285714285714286 0 0 0.285714285714286 8.57142857142857 0 5.14285714285714 0.857142857142857 0 8.85714285714286 8.85714285714286 65.1428571428572
"1112" 3.86740331491713 4.14364640883978 9.66850828729282 3.03867403314917 4.97237569060773 0.276243093922652 9.11602209944751 0 1.38121546961326 1.10497237569061 0.552486187845304 24.0331491712707 9.94475138121547 27.9005524861878
"1113" 4.33351618211739 3.1815688425672 7.95392210641799 3.73011519473396 7.0213933077345 0.383982446516731 6.03400987383434 0.274273176083379 1.91991223258365 1.70049369171695 1.04223806911684 6.85682940208448 13.3845309928689 42.1832144816237
"1117" 2.97339593114241 4.22535211267606 15.1799687010955 2.19092331768388 2.660406885759 0.156494522691706 7.35524256651017 0 0.469483568075117 1.25195618153365 0.938967136150235 9.23317683881064 10.9546165884194 42.4100156494523
"1126" 5.76194086429113 4.09401061410159 30.0985595147839 8.49128127369219 9.40106141015921 0.227445034116755 5.23123578468537 0.227445034116755 1.51630022744503 0.379075056861259 3.56330553449583 5.76194086429113 4.77634571645186 20.470053070508
"1132" 1.62721893491124 0.887573964497041 1.4792899408284 2.2189349112426 0.887573964497041 0.29585798816568 2.07100591715976 0 1.92307692307692 2.36686390532544 0.443786982248521 20.7100591715976 18.9349112426036 46.1538461538462
"1135" 4.75514549325763 7.097232079489 20.2271114265436 4.47125621007807 6.67139815471966 0.49680624556423 7.87792760823279 0.7097232079489 1.4194464158978 0.99361249112846 0.99361249112846 8.58765081618169 6.67139815471966 29.02767920511
"1136" 3.27510917030568 3.05676855895197 29.6943231441048 8.73362445414847 9.1703056768559 1.09170305676856 8.29694323144105 1.31004366812227 4.80349344978166 0.218340611353712 2.40174672489083 8.29694323144105 4.14847161572052 15.5021834061135
"1137" 3.60696517412935 3.60696517412935 5.22388059701492 1.86567164179104 1.99004975124378 0 4.72636815920398 0.124378109452736 2.36318407960199 0.621890547263682 0 12.5621890547264 16.1691542288557 47.1393034825871
"1138" 6.33737185461323 7.92171481826654 25.4426840633737 5.9645852749301 10.9040074557316 0.186393289841566 7.26933830382106 1.49114631873253 1.58434296365331 1.11835973904939 0.65237651444548 7.92171481826654 4.84622553588071 18.3597390493942
"1139" 6.6402378592666 4.75718533201189 19.5242814667988 5.84737363726462 4.16253716551041 0.693756194251734 8.02775024777007 0.495540138751239 0.991080277502478 1.38751238850347 1.09018830525273 10.3072348860258 7.13577799801784 28.9395441030724
"1141" 5.81232492997199 3.78151260504202 15.546218487395 6.02240896358543 11.9047619047619 0.210084033613445 4.90196078431373 0.420168067226891 0.490196078431373 0.420168067226891 1.26050420168067 2.80112044817927 9.17366946778711 37.2549019607843
"1147" 3.60824742268041 4.12371134020619 4.12371134020619 19.5876288659794 36.5979381443299 1.03092783505155 1.54639175257732 1.03092783505155 2.57731958762887 0.515463917525773 9.27835051546392 11.340206185567 2.57731958762887 2.06185567010309
"1149" 4.8780487804878 0 12.1951219512195 9.75609756097561 9.75609756097561 0 17.0731707317073 7.31707317073171 4.8780487804878 0 7.31707317073171 26.8292682926829 0 0
"1151" 10.0303951367781 6.68693009118541 4.25531914893617 21.580547112462 18.5410334346505 0 6.68693009118541 1.21580547112462 1.51975683890578 0.60790273556231 3.64741641337386 19.4528875379939 1.82370820668693 3.95136778115502
"1155" 17.4442190669371 4.86815415821501 5.47667342799189 16.8356997971602 19.2697768762677 0.608519269776876 11.7647058823529 0.811359026369168 2.23123732251521 2.4340770791075 6.08519269776876 5.47667342799189 1.01419878296146 5.67951318458418
"1157" 5.10948905109489 7.66423357664234 25.5474452554745 12.4087591240876 10.5839416058394 1.09489051094891 14.963503649635 1.45985401459854 1.82481751824817 1.82481751824817 4.37956204379562 4.01459854014599 3.64963503649635 5.47445255474453
"1158" 16.6666666666667 11.4457831325301 18.9759036144578 10.5421686746988 18.8755020080321 0.70281124497992 7.93172690763052 1.60642570281124 1.90763052208835 2.10843373493976 1.90763052208835 3.81526104417671 1.60642570281124 1.90763052208835
"1159" 6.0665362035225 11.839530332681 27.9843444227006 4.40313111545988 11.1545988258317 1.17416829745597 9.49119373776908 0.782778864970646 0.489236790606654 1.95694716242661 4.01174168297456 4.10958904109589 3.22896281800391 13.307240704501
"1161" 13.9072847682119 10.2649006622517 29.8013245033113 9.43708609271523 18.3774834437086 1.15894039735099 5.79470198675497 1.32450331125828 0.827814569536424 1.82119205298013 2.64900662251656 1.82119205298013 0.33112582781457 2.48344370860927
"1165" 0 0 29.1666666666667 8.33333333333333 4.16666666666667 0 16.6666666666667 0 4.16666666666667 0 8.33333333333333 20.8333333333333 0 8.33333333333333
"1167" 4.34782608695652 8.69565217391304 26.0869565217391 5.79710144927536 4.34782608695652 1.44927536231884 17.3913043478261 5.79710144927536 0 2.89855072463768 5.79710144927536 13.0434782608696 1.44927536231884 2.89855072463768
"1172" 10 0 40 0 0 0 10 0 20 10 0 10 0 0
"1175" 4.15263748597082 4.60157126823793 12.3456790123457 8.75420875420875 15.712682379349 0.785634118967452 8.41750841750842 0.785634118967452 0.448933782267116 3.92817059483726 2.24466891133558 6.06060606060606 20.2020202020202 11.5600448933782
"1176" 5.9375 1.25 11.875 18.75 37.5 0.625 3.125 0.3125 0.9375 0.9375 7.5 4.6875 2.8125 3.75
"1180" 2.92792792792793 1.8018018018018 1.12612612612613 1.35135135135135 2.47747747747748 0 4.72972972972973 0 1.12612612612613 1.35135135135135 0.675675675675676 1.12612612612613 13.7387387387387 67.5675675675676
"1181" 5.56900726392252 8.95883777239709 25.4237288135593 1.69491525423729 2.6634382566586 0.484261501210654 14.043583535109 1.45278450363196 3.38983050847458 1.69491525423729 1.93704600484262 22.2760290556901 4.84261501210654 5.56900726392252
"1182" 2.76422764227642 2.11382113821138 1.78861788617886 7.47967479674797 6.50406504065041 0.32520325203252 6.82926829268293 0.16260162601626 1.30081300813008 0.975609756097561 1.6260162601626 4.39024390243902 11.5447154471545 52.1951219512195
"2107" 5.57768924302789 5.97609561752988 7.96812749003984 26.8924302788845 24.7011952191235 1.39442231075697 7.17131474103586 1.39442231075697 0.398406374501992 0.796812749003984 10.3585657370518 3.58565737051793 0.99601593625498 2.78884462151394
"2108" 14.6373056994819 8.03108808290155 13.2124352331606 19.300518134715 16.580310880829 1.94300518134715 8.67875647668394 1.94300518134715 0.518134715025907 1.03626943005181 4.92227979274611 1.94300518134715 3.36787564766839 3.8860103626943
"2110" 7.26643598615917 5.19031141868512 12.1107266435986 15.2249134948097 12.80276816609 2.07612456747405 13.1487889273356 2.07612456747405 4.49826989619377 1.03806228373702 6.57439446366782 5.19031141868512 3.80622837370242 8.99653979238754
"2111" 6.68543279380718 5.34834623504574 16.3265306122449 23.082336382829 23.3638282899367 0.844475721323012 10.3448275862069 1.12596762843068 0.281491907107671 1.12596762843068 6.19282195636875 1.47783251231527 1.61857846586911 2.18156228008445
"2112" 7.22706304459252 4.25422860071758 7.1245515120451 29.4208098411071 32.7011788826243 0.820092260379293 3.69041517170682 0.717580727831881 0.410046130189646 0.563813429010764 6.61199384930805 1.64018452075859 1.89646335212711 2.92157867760123
"2113" 6.50319829424307 7.14285714285714 7.24946695095949 18.5501066098081 15.5650319829424 0.319829424307036 7.46268656716418 0.852878464818763 0.533049040511727 0.639658848614073 6.50319829424307 2.66524520255864 3.73134328358209 22.2814498933902
"2114" 5.85009140767824 6.94698354661792 13.345521023766 17.5502742230347 12.9798903107861 1.46252285191956 14.4424131627057 2.74223034734918 1.09689213893967 1.82815356489945 4.38756855575868 7.6782449725777 2.74223034734918 6.94698354661792
"2116" 3.27868852459016 4.91803278688525 14.7540983606557 27.0491803278689 26.2295081967213 0 8.19672131147541 0 0 1.63934426229508 5.73770491803279 2.45901639344262 3.27868852459016 2.45901639344262
"3007" 6.45161290322581 5.50284629981025 13.4724857685009 7.02087286527514 10.4364326375712 0 7.21062618595825 3.2258064516129 0.759013282732448 3.03605313092979 0.94876660341556 5.12333965844402 7.77988614800759 29.0322580645161
"3011" 4.85651214128035 6.84326710816777 13.9072847682119 15.2317880794702 11.9205298013245 0.883002207505519 17.8807947019868 3.3112582781457 0.883002207505519 1.32450331125828 7.28476821192053 6.18101545253863 1.32450331125828 8.16777041942605
"3012" 3.45744680851064 2.4822695035461 9.84042553191489 4.34397163120567 5.0531914893617 0.354609929078014 5.76241134751773 0 1.32978723404255 0.975177304964539 1.06382978723404 5.93971631205674 15.3368794326241 44.0602836879433
"3013" 0.309597523219814 0.309597523219814 3.40557275541796 1.54798761609907 1.85758513931889 0.309597523219814 3.71517027863777 0.309597523219814 2.78637770897833 0.309597523219814 0.928792569659443 11.1455108359133 7.43034055727554 65.6346749226006
"3014" 2.2379269729093 0.353356890459364 6.12485276796231 1.06007067137809 0.824499411071849 0.706713780918728 13.0742049469965 0.353356890459364 0.94228504122497 0.471142520612485 0.235571260306243 9.4228504122497 8.95170789163722 55.2414605418139
"3015" 16.1290322580645 9.67741935483871 8.06451612903226 4.83870967741935 11.2903225806452 1.61290322580645 33.8709677419355 1.61290322580645 1.61290322580645 3.2258064516129 1.61290322580645 3.2258064516129 1.61290322580645 1.61290322580645
"3018" 17.0212765957447 4.52127659574468 12.7659574468085 16.7553191489362 19.1489361702128 1.59574468085106 4.52127659574468 1.06382978723404 1.06382978723404 3.19148936170213 4.52127659574468 6.64893617021277 3.45744680851064 3.72340425531915
"3019" 11.7647058823529 5.88235294117647 7.16112531969309 16.1125319693095 11.7647058823529 1.0230179028133 10.230179028133 0.51150895140665 0.51150895140665 1.27877237851662 3.58056265984655 5.88235294117647 3.83631713554987 20.460358056266
"3020" 7.64705882352941 3.52941176470588 6.47058823529412 24.1176470588235 20.5882352941176 0 4.70588235294118 0 0 2.35294117647059 5.29411764705882 17.6470588235294 3.52941176470588 4.11764705882353
"3021" 3.97350993377483 5.96026490066225 14.8344370860927 18.8079470198675 38.6754966887417 1.72185430463576 3.44370860927152 0.662251655629139 0.264900662251656 1.19205298013245 3.97350993377483 4.63576158940397 0.662251655629139 1.19205298013245
"3022" 8.95813047711782 7.49756572541383 16.1635832521908 12.3661148977605 19.5715676728335 1.07108081791626 8.66601752677702 2.43427458617332 1.16845180136319 1.16845180136319 2.82375851996105 13.3398247322298 1.94741966893866 2.82375851996105
"3023" 8.31556503198294 6.39658848614073 12.7931769722815 13.2196162046908 23.2409381663113 0.852878464818763 10.0213219616205 1.70575692963753 1.27931769722815 1.49253731343284 3.83795309168444 7.88912579957356 3.41151385927505 5.54371002132196
"3024" 10.4081632653061 9.59183673469388 13.9795918367347 12.1428571428571 19.4897959183673 0.918367346938776 2.3469387755102 0 0.408163265306122 0.612244897959184 3.36734693877551 6.42857142857143 4.89795918367347 15.4081632653061
"3026" 16.4556962025316 7.59493670886076 15.8227848101266 13.9240506329114 15.1898734177215 1.89873417721519 10.126582278481 0 1.89873417721519 1.26582278481013 8.86075949367089 5.06329113924051 0 1.89873417721519
"3028" 8.80503144654088 9.43396226415094 22.3899371069182 11.4465408805031 32.3270440251572 0.50314465408805 1.88679245283019 0.125786163522013 0.125786163522013 0.754716981132076 3.77358490566038 6.0377358490566 1.25786163522013 1.13207547169811
"3029" 9.1703056768559 6.76855895196507 3.93013100436681 21.6157205240175 24.235807860262 1.31004366812227 8.73362445414847 1.52838427947598 0 1.31004366812227 5.02183406113537 8.07860262008734 2.18340611353712 6.11353711790393
"3031" 8.33333333333333 4.3859649122807 10.3070175438596 23.4649122807018 27.4122807017544 1.75438596491228 6.79824561403509 1.75438596491228 0.219298245614035 1.53508771929825 7.01754385964912 3.50877192982456 1.53508771929825 1.97368421052632
"3032" 7.46561886051081 4.12573673870334 8.84086444007858 32.4165029469548 23.7721021611002 1.57170923379175 5.30451866404715 0.196463654223969 0.196463654223969 0.589390962671906 7.66208251473477 3.53634577603143 1.17878192534381 3.1434184675835
"3035" 12.6934984520124 5.57275541795666 18.266253869969 14.5510835913313 18.8854489164087 2.1671826625387 10.8359133126935 0.619195046439629 0.309597523219814 0.928792569659443 5.26315789473684 3.71517027863777 1.54798761609907 4.64396284829721
"3037" 6.94864048338369 5.74018126888217 8.45921450151057 17.5226586102719 22.3564954682779 1.20845921450151 8.76132930513595 0.302114803625378 0.906344410876133 0.604229607250755 3.62537764350453 6.04229607250755 5.13595166163142 12.3867069486405
"5001" 7.78061224489796 6.50510204081633 6.88775510204082 15.8163265306122 16.7091836734694 0.76530612244898 7.6530612244898 0.510204081632653 0.255102040816327 1.27551020408163 2.4234693877551 5.10204081632653 5.73979591836735 22.5765306122449
"5002" 17.4129353233831 11.4427860696517 12.2719734660033 12.7694859038143 10.2819237147595 3.48258706467662 13.5986733001658 2.32172470978441 0.995024875621891 0.33167495854063 0.995024875621891 3.3167495854063 3.3167495854063 7.46268656716418
"5003" 5.12249443207127 4.4543429844098 24.9443207126949 17.3719376391982 18.4855233853007 1.78173719376392 6.23608017817372 0.89086859688196 1.33630289532294 3.34075723830735 5.56792873051225 3.78619153674833 4.4543429844098 2.2271714922049
"5004" 12.1518987341772 6.45569620253165 20.126582278481 10.126582278481 15.6962025316456 1.51898734177215 13.0379746835443 1.51898734177215 0.759493670886076 3.0379746835443 2.0253164556962 3.16455696202532 2.91139240506329 7.46835443037975
"5005" 8.24587706146927 6.44677661169415 21.1394302848576 20.9895052473763 14.8425787106447 0.299850074962519 6.89655172413793 1.49925037481259 0.599700149925038 1.94902548725637 5.39730134932534 6.14692653673163 1.19940029985008 4.34782608695652
"5008" 5.66666666666667 6.33333333333333 20.6666666666667 19.3333333333333 17.3333333333333 1 8.33333333333333 4.66666666666667 1.66666666666667 2 4 5.33333333333333 0.666666666666667 3
"5009" 2.78019113814075 3.73588184187663 12.858384013901 25.0217202432667 41.6159860990443 0.347523892267593 3.21459600347524 1.12945264986968 0.608166811468288 1.12945264986968 2.78019113814075 2.17202432667246 0.781928757602085 1.82450043440487
"5010" 8.83495145631068 11.747572815534 17.5728155339806 13.9805825242718 13.7864077669903 2.81553398058252 13.3980582524272 1.35922330097087 0.58252427184466 1.16504854368932 1.84466019417476 7.28155339805825 1.16504854368932 4.46601941747573
"5011" 14.5077720207254 8.63557858376511 20.552677029361 12.9533678756477 17.9620034542314 1.72711571675302 7.9447322970639 1.38169257340242 0 0.518134715025907 3.62694300518135 3.45423143350604 2.59067357512953 4.14507772020725
"5012" 7.62942779291553 10.8991825613079 21.5258855585831 6.53950953678474 5.99455040871935 0.817438692098093 17.1662125340599 1.36239782016349 0.544959128065395 0.544959128065395 2.45231607629428 2.17983651226158 3.26975476839237 19.0735694822888
"5013" 7.2192513368984 9.35828877005348 16.0427807486631 6.95187165775401 10.9625668449198 2.40641711229947 7.75401069518717 0.53475935828877 0.802139037433155 2.13903743315508 2.13903743315508 4.01069518716578 5.88235294117647 23.7967914438503
"5015" 6.25 5.625 5.41666666666667 13.75 13.5416666666667 0.833333333333333 6.25 1.04166666666667 1.04166666666667 1.25 1.875 1.66666666666667 7.70833333333333 33.75
"5016" 9.63257199602781 6.15690168818272 23.6345580933466 6.15690168818272 7.94438927507448 0.99304865938431 12.1151936444886 1.78748758689176 0.496524329692155 3.37636544190665 0.794438927507448 7.34856007944389 3.67428003972195 15.888778550149
"5017" 10.9677419354839 3.2258064516129 8.38709677419355 19.6774193548387 17.741935483871 2.90322580645161 10.9677419354839 3.87096774193548 1.29032258064516 1.61290322580645 5.80645161290323 6.45161290322581 0.967741935483871 6.12903225806452
"5018" 12.962962962963 9.25925925925926 6.73400673400673 15.6565656565657 17.3400673400673 2.69360269360269 7.57575757575758 2.18855218855219 1.68350168350168 0.841750841750842 1.85185185185185 3.1986531986532 3.53535353535354 14.4781144781145
"5019" 5.0761421319797 1.52284263959391 12.1827411167513 35.5329949238579 23.3502538071066 3.04568527918782 3.04568527918782 0.50761421319797 0 0.50761421319797 9.13705583756345 1.01522842639594 1.52284263959391 3.55329949238579
"5020" 5.82203684393465 3.30205074730622 7.97705943691345 33.2464372610358 27.4417796315607 0.938477580813347 4.74452554744525 1.73792144595064 0.330205074730622 0.608272506082725 10.1842196732708 0.782064650677789 1.06013208202989 1.82481751824817
"5021" 13.9561707035755 7.61245674740484 11.5340253748558 18.9158016147636 17.6470588235294 1.03806228373702 8.88119953863899 1.3840830449827 1.26874279123414 0.922722029988466 3.92156862745098 4.49826989619377 4.84429065743945 3.57554786620531
"5022" 7.96703296703297 8.1043956043956 21.0164835164835 15.7967032967033 29.3956043956044 1.23626373626374 4.25824175824176 0.412087912087912 0.274725274725275 0.412087912087912 3.43406593406593 2.88461538461538 2.06043956043956 2.74725274725275
"5024" 14.0043763676149 8.97155361050328 26.4770240700219 6.34573304157549 10.9409190371991 0.437636761487965 11.5973741794311 1.53172866520788 1.53172866520788 0.87527352297593 1.75054704595186 8.97155361050328 2.40700218818381 4.15754923413567
"5026" 8.0168776371308 2.53164556962025 10.126582278481 34.1772151898734 18.1434599156118 0.843881856540084 1.26582278481013 4.21940928270042 2.53164556962025 0.843881856540084 10.5485232067511 2.53164556962025 1.68776371308017 2.53164556962025
"5027" 4.1522491349481 3.97923875432526 13.6678200692042 15.7439446366782 38.2352941176471 1.21107266435986 4.67128027681661 1.73010380622837 0.346020761245675 0.69204152249135 7.09342560553633 6.40138408304498 0.173010380622837 1.90311418685121
"5028" 6.45161290322581 5.99078341013825 11.5207373271889 11.5207373271889 13.3640552995392 1.84331797235023 12.9032258064516 4.14746543778802 0.921658986175115 0.921658986175115 6.91244239631336 12.9032258064516 4.14746543778802 6.45161290322581
"5029" 8.39160839160839 6.99300699300699 32.1678321678322 13.2867132867133 5.59440559440559 2.7972027972028 11.1888111888112 0.699300699300699 0.699300699300699 0.699300699300699 2.0979020979021 8.39160839160839 2.7972027972028 4.1958041958042
"5030" 9.01287553648069 10.3004291845494 20.1716738197425 11.1587982832618 18.4549356223176 2.14592274678112 7.29613733905579 2.14592274678112 0.858369098712446 1.71673819742489 1.71673819742489 9.01287553648069 3.00429184549356 3.00429184549356
"5031" 18.732782369146 7.85123966942149 2.75482093663912 8.26446280991736 6.33608815426997 2.47933884297521 15.8402203856749 1.79063360881543 0.413223140495868 2.75482093663912 2.20385674931129 3.99449035812672 6.47382920110193 20.1101928374656
"5032" 9.46372239747634 10.0946372239748 15.4574132492114 12.3028391167192 24.9211356466877 1.57728706624606 5.36277602523659 0.315457413249211 0.630914826498423 0.630914826498423 4.10094637223975 2.8391167192429 1.89274447949527 10.410094637224
"5033" 8.95652173913044 6.95652173913043 9.21739130434783 22.4347826086957 25.0434782608696 0.521739130434783 9.47826086956522 1.82608695652174 0.956521739130435 0.695652173913043 5.91304347826087 2 1.39130434782609 4.60869565217391
"5034" 12.9449838187702 8.7378640776699 3.88349514563107 5.50161812297735 5.17799352750809 1.94174757281553 22.0064724919094 1.94174757281553 3.23624595469256 1.29449838187702 3.55987055016181 4.20711974110032 7.44336569579288 18.1229773462783
"5036" 7.64119601328904 6.97674418604651 8.13953488372093 28.4053156146179 26.2458471760797 1.49501661129568 4.98338870431894 0.664451827242525 1.16279069767442 0.996677740863787 5.81395348837209 3.15614617940199 1.66112956810631 2.6578073089701
"5037" 5.85284280936455 7.52508361204013 11.371237458194 21.2374581939799 15.0501672240803 2.0066889632107 11.2040133779264 0.501672240802676 0.668896321070234 0.836120401337793 10.0334448160535 5.51839464882943 2.34113712374582 5.85284280936455
"5038" 3.2703488372093 2.10755813953488 5.15988372093023 43.75 26.7441860465116 1.01744186046512 1.59883720930233 0.581395348837209 0.218023255813953 0.218023255813953 12.6453488372093 0.363372093023256 0.726744186046512 1.59883720930233
"1101" NA NA NA NA NA NA NA NA NA NA NA NA NA NA
"1102" NA NA NA NA NA NA NA NA NA NA NA NA NA NA
"1104" NA NA NA NA NA NA NA NA NA NA NA NA NA NA
"1105" NA NA NA NA NA NA NA NA NA NA NA NA NA NA
"1106" NA NA NA NA NA NA NA NA NA NA NA NA NA NA
"1110" NA NA NA NA NA NA NA NA NA NA NA NA NA NA
"1111" NA NA NA NA NA NA NA NA NA NA NA NA NA NA
"1114" NA NA NA NA NA NA NA NA NA NA NA NA NA NA
"1115" NA NA NA NA NA NA NA NA NA NA NA NA NA NA
"1116" NA NA NA NA NA NA NA NA NA NA NA NA NA NA
"1118" NA NA NA NA NA NA NA NA NA NA NA NA NA NA
"1119" NA NA NA NA NA NA NA NA NA NA NA NA NA NA
"1120" NA NA NA NA NA NA NA NA NA NA NA NA NA NA
"1122" NA NA NA NA NA NA NA NA NA NA NA NA NA NA
"1123" NA NA NA NA NA NA NA NA NA NA NA NA NA NA
"1125" NA NA NA NA NA NA NA NA NA NA NA NA NA NA
"1127" NA NA NA NA NA NA NA NA NA NA NA NA NA NA
"1128" NA NA NA NA NA NA NA NA NA NA NA NA NA NA
"1129" NA NA NA NA NA NA NA NA NA NA NA NA NA NA
"1130" NA NA NA NA NA NA NA NA NA NA NA NA NA NA
"1131" NA NA NA NA NA NA NA NA NA NA NA NA NA NA
"1133" NA NA NA NA NA NA NA NA NA NA NA NA NA NA
"1142" NA NA NA NA NA NA NA NA NA NA NA NA NA NA
"1143" NA NA NA NA NA NA NA NA NA NA NA NA NA NA
"1146" NA NA NA NA NA NA NA NA NA NA NA NA NA NA
"1150" NA NA NA NA NA NA NA NA NA NA NA NA NA NA
"1152" NA NA NA NA NA NA NA NA NA NA NA NA NA NA
"1153" NA NA NA NA NA NA NA NA NA NA NA NA NA NA
"1154" NA NA NA NA NA NA NA NA NA NA NA NA NA NA
"1156" NA NA NA NA NA NA NA NA NA NA NA NA NA NA
"1160" NA NA NA NA NA NA NA NA NA NA NA NA NA NA
"1162" NA NA NA NA NA NA NA NA NA NA NA NA NA NA
"1163" NA NA NA NA NA NA NA NA NA NA NA NA NA NA
"1164" NA NA NA NA NA NA NA NA NA NA NA NA NA NA
"1166" NA NA NA NA NA NA NA NA NA NA NA NA NA NA
"1168" NA NA NA NA NA NA NA NA NA NA NA NA NA NA
"1169" NA NA NA NA NA NA NA NA NA NA NA NA NA NA
"1170" NA NA NA NA NA NA NA NA NA NA NA NA NA NA
"1171" NA NA NA NA NA NA NA NA NA NA NA NA NA NA
"1173" NA NA NA NA NA NA NA NA NA NA NA NA NA NA
"1174" NA NA NA NA NA NA NA NA NA NA NA NA NA NA
"1178" NA NA NA NA NA NA NA NA NA NA NA NA NA NA
"1179" NA NA NA NA NA NA NA NA NA NA NA NA NA NA
"2101" NA NA NA NA NA NA NA NA NA NA NA NA NA NA
"2102" NA NA NA NA NA NA NA NA NA NA NA NA NA NA
"2103" NA NA NA NA NA NA NA NA NA NA NA NA NA NA
"2104" NA NA NA NA NA NA NA NA NA NA NA NA NA NA
"2105" NA NA NA NA NA NA NA NA NA NA NA NA NA NA
"2106" NA NA NA NA NA NA NA NA NA NA NA NA NA NA
"2109" NA NA NA NA NA NA NA NA NA NA NA NA NA NA
"2115" NA NA NA NA NA NA NA NA NA NA NA NA NA NA
"2117" NA NA NA NA NA NA NA NA NA NA NA NA NA NA
"2118" NA NA NA NA NA NA NA NA NA NA NA NA NA NA
"2120" NA NA NA NA NA NA NA NA NA NA NA NA NA NA
"2121" NA NA NA NA NA NA NA NA NA NA NA NA NA NA
"2122" NA NA NA NA NA NA NA NA NA NA NA NA NA NA
"2123" NA NA NA NA NA NA NA NA NA NA NA NA NA NA
"2124" NA NA NA NA NA NA NA NA NA NA NA NA NA NA
"3001" NA NA NA NA NA NA NA NA NA NA NA NA NA NA
"3002" NA NA NA NA NA NA NA NA NA NA NA NA NA NA
"3003" NA NA NA NA NA NA NA NA NA NA NA NA NA NA
"3004" NA NA NA NA NA NA NA NA NA NA NA NA NA NA
"3005" NA NA NA NA NA NA NA NA NA NA NA NA NA NA
"3006" NA NA NA NA NA NA NA NA NA NA NA NA NA NA
"3008" NA NA NA NA NA NA NA NA NA NA NA NA NA NA
"3009" NA NA NA NA NA NA NA NA NA NA NA NA NA NA
"3010" NA NA NA NA NA NA NA NA NA NA NA NA NA NA
"3016" NA NA NA NA NA NA NA NA NA NA NA NA NA NA
"3017" NA NA NA NA NA NA NA NA NA NA NA NA NA NA
"3025" NA NA NA NA NA NA NA NA NA NA NA NA NA NA
"3027" NA NA NA NA NA NA NA NA NA NA NA NA NA NA
"3030" NA NA NA NA NA NA NA NA NA NA NA NA NA NA
"3033" NA NA NA NA NA NA NA NA NA NA NA NA NA NA
"3034" NA NA NA NA NA NA NA NA NA NA NA NA NA NA
"3039" NA NA NA NA NA NA NA NA NA NA NA NA NA NA
"5006" NA NA NA NA NA NA NA NA NA NA NA NA NA NA
"5007" NA NA NA NA NA NA NA NA NA NA NA NA NA NA
"5014" NA NA NA NA NA NA NA NA NA NA NA NA NA NA
"5023" NA NA NA NA NA NA NA NA NA NA NA NA NA NA
"5035" NA NA NA NA NA NA NA NA NA NA NA NA NA NA
"6001" NA NA NA NA NA NA NA NA NA NA NA NA NA NA
