"Adipose Progenitor Cell 2" "ECM-Producing Early Preadipocyte" "Early Preadipocyte" "Adipose Progenitor Cell 1" "Mature Preadipocyte" "Metallothionein+ Preadipocyte" "Cycling Myofibroblast" "Myofibroblast" "MYOC+ Fibroblast" "PCOLCE+ Fibroblast"
"1103" 18.2135380321005 11.9330076762038 18.2833217027216 11.8632240055827 11.235170969993 4.53593859036985 0.0697836706210747 9.76971388695045 9.00209351011863 5.09420795533845
"1107" 7.67195767195767 16.6666666666667 12.6984126984127 8.2010582010582 28.5714285714286 3.43915343915344 0.529100529100529 16.1375661375661 5.29100529100529 0.793650793650794
"1108" 7.85714285714286 7.85714285714286 25.7142857142857 5 22.1428571428571 7.14285714285714 0.714285714285714 16.4285714285714 7.14285714285714 0
"1109" 15.8333333333333 6.66666666666667 45.8333333333333 10 8.33333333333333 4.16666666666667 0 0.833333333333333 0 8.33333333333333
"1112" 5.23255813953488 35.4651162790698 12.2093023255814 6.3953488372093 24.4186046511628 4.65116279069767 0 3.48837209302326 3.48837209302326 4.65116279069767
"1113" 18.3574879227053 6.15942028985507 39.4927536231884 6.76328502415459 7.60869565217391 5.07246376811594 0 6.15942028985507 6.64251207729469 3.743961352657
"1117" 10.1990049751244 15.4228855721393 22.8855721393035 9.20398009950249 19.4029850746269 1.49253731343284 0.497512437810945 2.23880597014925 8.95522388059701 9.70149253731343
"1126" 7.91788856304985 18.475073313783 29.6187683284457 5.86510263929619 18.7683284457478 6.45161290322581 0.733137829912023 5.42521994134897 2.78592375366569 3.95894428152493
"1132" 8.96551724137931 6.20689655172414 52.4137931034483 4.13793103448276 6.20689655172414 2.06896551724138 0.689655172413793 2.06896551724138 7.58620689655172 9.6551724137931
"1135" 9.04302019315189 20.1931518876207 42.054433713784 4.828797190518 6.67251975417033 7.37489025460931 0.0877963125548727 1.40474100087796 3.77524143985953 4.56540825285338
"1136" 20.0328407224959 13.7931034482759 27.7504105090312 15.927750410509 6.23973727422003 2.95566502463054 0 2.62725779967159 3.44827586206897 7.22495894909688
"1137" 15.9574468085106 12.7659574468085 25.531914893617 14.8936170212766 13.8297872340426 0 0 3.19148936170213 1.06382978723404 12.7659574468085
"1138" 14.0454163162321 8.24222035323801 43.1455004205215 4.70984020185029 10.5971404541632 2.77544154751892 0.252312867956266 5.80319596299411 4.28931875525652 6.13961312026913
"1139" 8.47457627118644 14.7919876733436 41.9106317411402 4.77657935285054 6.47149460708783 10.0154083204931 0.770416024653313 4.16024653312789 6.47149460708783 2.15716486902928
"1141" 7.32635585156993 6.47002854424358 30.2568981921979 3.33016175071361 24.5480494766889 8.18268315889629 0.0951474785918173 9.13415794481446 7.51665080875357 3.13986679352997
"1147" 10.8504398826979 17.0087976539589 26.3929618768328 6.01173020527859 11.4369501466276 2.19941348973607 0.293255131964809 14.3695014662757 10.7038123167155 0.733137829912023
"1149" 15.5555555555556 22.2222222222222 20 8.88888888888889 6.66666666666667 6.66666666666667 0 4.44444444444444 15.5555555555556 0
"1151" 12.1072088724584 10.720887245841 27.449168207024 7.11645101663586 16.4510166358595 6.28465804066543 0.277264325323475 9.42698706099815 9.42698706099815 0.739371534195933
"1155" 11.0975609756098 9.02439024390244 24.1463414634146 8.04878048780488 24.1463414634146 3.90243902439024 1.82926829268293 9.75609756097561 7.07317073170732 0.975609756097561
"1157" 18.9155884165126 8.50277264325323 38.6321626617375 5.60690080098583 4.62107208872458 0.924214417744917 0.184842883548983 2.71102895871842 4.80591497227357 15.0955021565003
"1158" 9.64261631827377 19.6223870532704 26.2306136210384 9.44032366824005 6.67565745111261 9.44032366824005 0 6.47336480107889 6.87795010114633 5.59676331759946
"1159" 8.72242175474602 22.3191380194972 33.8122113904566 8.05541303232427 9.54335556695741 4.15597742432016 0.0513083632632119 1.48794253463315 7.28578758337609 4.56644433042586
"1161" 6.14906832298137 13.2298136645963 34.6583850931677 4.09937888198758 12.7950310559006 8.07453416149068 0.186335403726708 7.70186335403727 9.25465838509317 3.85093167701863
"1165" 2.56410256410256 28.2051282051282 23.0769230769231 7.69230769230769 20.5128205128205 0 0 12.8205128205128 2.56410256410256 2.56410256410256
"1167" 8.28651685393258 28.7921348314607 35.6741573033708 7.4438202247191 3.79213483146067 2.94943820224719 0.140449438202247 0.421348314606742 6.60112359550562 5.89887640449438
"1172" 0 33.3333333333333 26.6666666666667 6.66666666666667 20 0 0 3.33333333333333 10 0
"1175" 4.13650465356774 7.34229576008273 57.4974146845915 0.413650465356774 11.8924508790072 4.44674250258532 0.103412616339193 9.10031023784902 4.44674250258532 0.62047569803516
"1176" 12.7625201938611 9.20840064620355 16.3166397415186 7.10823909531502 14.21647819063 8.40064620355412 0.484652665589661 21.486268174475 9.8546042003231 0.161550888529887
"1180" 18.0722891566265 9.63855421686747 40.9638554216867 8.43373493975904 4.81927710843374 3.6144578313253 0 3.6144578313253 8.43373493975904 2.40963855421687
"1181" 7.06214689265537 30.5084745762712 28.8135593220339 10.4519774011299 0.564971751412429 2.54237288135593 0 2.54237288135593 11.864406779661 5.64971751412429
"1182" 6.25 15.1315789473684 24.6710526315789 6.57894736842105 31.5789473684211 2.63157894736842 0.328947368421053 6.57894736842105 3.94736842105263 2.30263157894737
"2107" 8.40248962655602 17.2199170124481 23.7551867219917 8.50622406639004 21.7842323651452 2.28215767634855 0.726141078838174 8.71369294605809 6.53526970954357 2.0746887966805
"2108" 6.46992054483541 15.4370034052213 36.2088535754824 6.35641316685585 5.95913734392736 5.27809307604994 0.340522133938706 8.45629965947787 8.17253121452895 7.32122587968218
"2110" 21.141975308642 7.87037037037037 44.1358024691358 5.40123456790123 0.925925925925926 8.64197530864197 0 1.23456790123457 1.54320987654321 9.10493827160494
"2111" 16.6208035222895 23.7204182718767 18.8772702256467 8.80572372041827 8.86075949367089 3.79746835443038 0.440286186020914 7.48486516235553 9.96147495872317 1.43093010456797
"2112" 9.60739030023095 14.4110854503464 24.4341801385681 6.9284064665127 13.810623556582 6.46651270207852 0.554272517321016 13.5796766743649 8.59122401847575 1.61662817551963
"2113" 5.68535825545171 11.3707165109034 28.6604361370716 6.07476635514019 31.6978193146417 3.97196261682243 0.623052959501558 7.3208722741433 3.19314641744548 1.4018691588785
"2114" 3.03265940902022 31.4152410575428 21.3063763608087 6.45412130637636 17.4183514774495 5.36547433903577 0.388802488335925 9.48678071539658 4.19906687402799 0.933125972006221
"2116" 6.04651162790698 9.76744186046512 32.093023255814 8.37209302325581 20 6.97674418604651 0.465116279069767 7.44186046511628 7.44186046511628 1.3953488372093
"3007" 22.1453287197232 11.0726643598616 25.2595155709343 19.7231833910035 4.49826989619377 7.26643598615917 0 2.42214532871972 2.42214532871972 5.19031141868512
"3011" 14.4174757281553 8.05825242718447 28.3980582524272 10.9223300970874 16.0679611650485 3.7378640776699 0.242718446601942 4.5631067961165 2.33009708737864 11.2621359223301
"3012" 11.4180478821363 15.2854511970534 13.6279926335175 15.4696132596685 26.1510128913444 2.39410681399632 0 5.70902394106814 3.86740331491713 6.07734806629834
"3013" 21.6666666666667 8.33333333333333 48.3333333333333 1.66666666666667 6.66666666666667 3.33333333333333 0 1.66666666666667 6.66666666666667 1.66666666666667
"3014" 13.9013452914798 3.1390134529148 60.5381165919283 3.1390134529148 3.58744394618834 5.82959641255605 0 1.34529147982063 0.896860986547085 7.62331838565022
"3015" 8 21 22 9 9 4 0 5 8 14
"3018" 11.2237509051412 11.151339608979 25.4887762490949 2.75162925416365 15.2787834902245 9.41346850108617 0.217233888486604 11.51339608979 6.08254887762491 6.87907313540912
"3019" 9.21052631578947 11.4661654135338 41.7293233082707 1.50375939849624 8.64661654135338 9.02255639097744 0.37593984962406 5.26315789473684 10.9022556390977 1.8796992481203
"3020" 6.67989417989418 10.0529100529101 58.3333333333333 2.84391534391534 12.962962962963 1.45502645502645 0.132275132275132 1.32275132275132 3.63756613756614 2.57936507936508
"3021" 17.6831943835015 13.2514260640632 17.5076788064941 11.0136024572181 6.31856077226854 5.96752961825362 0.526546731022378 16.6301009214568 8.90741553312857 2.19394471259324
"3022" 10.1173020527859 21.7008797653959 23.6070381231672 5.13196480938416 9.82404692082111 7.47800586510264 1.46627565982405 7.47800586510264 9.97067448680352 3.2258064516129
"3023" 9.38967136150235 30.0469483568075 25.1173708920188 8.33333333333333 11.8544600938967 3.63849765258216 0 6.92488262910798 3.52112676056338 1.17370892018779
"3024" 10.1730103806228 10.0346020761246 39.1003460207612 3.80622837370242 7.95847750865052 9.68858131487889 0.346020761245675 8.23529411764706 9.34256055363322 1.31487889273356
"3026" 10.9826589595376 16.7630057803468 21.3872832369942 12.1387283236994 4.04624277456647 4.6242774566474 0.578034682080925 9.82658959537572 10.4046242774566 9.2485549132948
"3028" 6.96378830083566 24.7214484679666 9.95821727019499 8.008356545961 17.4094707520891 6.96378830083566 0.905292479108635 12.7437325905292 11.2813370473538 1.04456824512535
"3029" 11.0669975186104 18.8585607940447 26.6997518610422 8.83374689826303 7.39454094292804 6.55086848635236 0.198511166253102 10.6203473945409 8.93300248138958 0.843672456575682
"3031" 9.7424412094065 17.8051511758119 47.5923852183651 1.79171332586786 6.15901455767077 5.71108622620381 0.447928331466965 5.59910414333707 3.80739081746921 1.3437849944009
"3032" 8.92857142857143 11.547619047619 20.8333333333333 10 20.952380952381 4.16666666666667 1.07142857142857 18.2142857142857 3.21428571428571 1.07142857142857
"3035" 9.23566878980892 21.9745222929936 30.2547770700637 7.00636942675159 1.59235668789809 7.00636942675159 0.318471337579618 3.5031847133758 16.2420382165605 2.86624203821656
"3037" 2.72727272727273 31.8181818181818 25.9090909090909 0.909090909090909 20.9090909090909 2.72727272727273 0 11.8181818181818 2.72727272727273 0.454545454545455
"5001" 17.1790235081374 5.51537070524412 48.4629294755877 2.89330922242315 5.69620253164557 5.24412296564195 0.361663652802893 6.14828209764919 5.06329113924051 3.43580470162749
"5002" 10.146955913226 23.3729881035689 20.7837648705388 9.86703988803359 13.4009797060882 5.87823652904129 0.0349895031490553 6.22813156053184 5.42337298810357 4.86354093771868
"5003" 17.0901496693352 9.57187608771319 38.844413505047 9.08458057779325 5.56909154194222 3.20222763661678 0.243647754959972 6.43926209537069 7.72711451444483 2.22763661677689
"5004" 10.580204778157 15.4721274175199 32.3094425483504 7.96359499431172 5.23321956769056 7.28100113765643 0.227531285551763 9.10125142207053 10.6939704209329 1.13765642775882
"5005" 10.7067510548523 23.1540084388186 16.5084388185654 11.3396624472574 16.7194092827004 3.37552742616034 0.527426160337553 6.75105485232067 5.5379746835443 5.37974683544304
"5008" 8.71694417238002 12.3408423114594 33.7904015670911 7.14985308521058 21.5475024485798 1.66503428011753 0.29382957884427 10.0881488736533 2.84035259549461 1.56709108716944
"5009" 9.7519247219846 2.30966638152267 32.8485885372113 4.10607356715141 15.8254918733961 5.64585115483319 0.598802395209581 23.1822070145423 1.79640718562874 3.9349871685201
"5010" 4.52061599602583 26.8753104818679 17.2379533035271 6.75608544461004 22.4043715846995 4.81867858917039 0.496770988574267 5.06706408345753 8.5444610034774 3.27868852459016
"5011" 7.94132524026303 20.0809307030855 20.1820940819423 9.81284774911482 15.4274152756702 10.2175012645422 0.65756196256955 7.18259989883662 4.75467880627213 3.74304501770359
"5012" 17.3602080624187 7.08712613784135 38.8816644993498 5.65669700910273 10.2730819245774 3.70611183355007 0.325097529258778 6.50195058517555 7.6072821846554 2.60078023407022
"5013" 9.53079178885631 12.6099706744868 55.425219941349 3.0791788856305 6.158357771261 4.69208211143695 0.439882697947214 1.61290322580645 2.05278592375367 4.39882697947214
"5015" 10.8974358974359 17.3076923076923 21.7948717948718 6.41025641025641 3.84615384615385 10.2564102564103 0.641025641025641 14.4230769230769 10.8974358974359 3.52564102564103
"5016" 23.5107227958697 23.2724384432089 19.2216044479746 11.9142176330421 2.22398729150119 5.48054011119936 0.158856235107228 3.57426528991263 2.8594122319301 7.78395552025417
"5017" 5.69620253164557 33.4177215189873 31.3924050632911 5.31645569620253 11.3924050632911 4.30379746835443 0.253164556962025 3.54430379746835 4.05063291139241 0.632911392405063
"5018" 15.4269972451791 8.53994490358127 40.2203856749311 1.37741046831956 5.78512396694215 16.8044077134986 0 4.6831955922865 5.50964187327824 1.65289256198347
"5019" 6.41330166270784 11.8764845605701 18.2897862232779 8.78859857482185 21.8527315914489 3.32541567695962 0.237529691211401 20.9026128266033 4.98812351543943 3.32541567695962
"5020" 8.59774820880246 8.80245649948823 11.3613101330604 6.34595701125896 7.16479017400205 6.24360286591607 1.84237461617195 36.3357215967247 4.09416581371546 9.21187308085977
"5021" 5.12820512820513 20.7100591715976 18.9349112426036 3.94477317554241 12.6232741617357 17.1597633136095 0.788954635108481 9.66469428007889 9.66469428007889 1.38067061143984
"5022" 13.930950938825 22.9557843731072 11.9321623258631 11.8110236220472 11.2053301029679 7.38946093276802 0.0605693519079346 8.96426408237432 8.96426408237432 2.78619018776499
"5024" 9.9601593625498 23.3466135458167 26.0557768924303 7.09163346613546 5.97609561752988 7.49003984063745 0 4.70119521912351 11.7131474103586 3.66533864541833
"5026" 8.69565217391304 17.3913043478261 15.2173913043478 8.69565217391304 8.69565217391304 6.52173913043478 0 30.4347826086957 2.17391304347826 2.17391304347826
"5027" 5.45267489711934 21.9135802469136 2.88065843621399 14.1975308641975 13.0658436213992 5.8641975308642 0.51440329218107 24.4855967078189 6.06995884773663 5.55555555555556
"5028" 11.9629317607414 42.2914911541702 11.8786857624263 9.09856781802864 7.49789385004212 2.44313395113732 0 3.28559393428812 8.08761583824768 3.45408593091828
"5029" 6.49878147847279 9.66693744922827 41.9171405361495 5.7676685621446 19.4963444354184 4.63038180341186 0.16246953696182 6.01137286758733 1.94963444354184 3.89926888708367
"5030" 10.9417528579205 20.1959716929777 24.2242787152967 6.85900925421884 10.9417528579205 6.0424605334785 0.217746325530757 6.64126292868808 9.79858464888405 4.13718018508438
"5031" 10.2993404363267 12.6331811263318 36.5296803652968 2.68899036022324 3.55149670218163 15.119228817859 0.202942668696093 4.10958904109589 11.9736174530695 2.89193302891933
"5032" 10.0240963855422 25.0120481927711 18.7469879518072 8.72289156626506 24.578313253012 2.98795180722892 0.0481927710843373 4 4.04819277108434 1.83132530120482
"5033" 10.4977821586989 15.0813208477082 28.9797930014786 4.92853622474125 8.96993592902908 6.3085263676688 0.3942828979793 12.6170527353376 5.9142434696895 6.3085263676688
"5034" 8.89121338912134 34.8849372384937 18.0439330543933 5.59623430962343 3.81799163179916 13.1276150627615 0.156903765690377 0.941422594142259 7.53138075313808 7.00836820083682
"5036" 10.4337631887456 17.116060961313 17.116060961313 14.1852286049238 9.49589683470106 4.57209847596717 1.05509964830012 12.778429073857 8.32356389214537 4.92379835873388
"5037" 9.11949685534591 18.4486373165618 28.4591194968553 5.76519916142558 20.7023060796646 1.67714884696017 0.10482180293501 5.39832285115304 8.38574423480084 1.93920335429769
"5038" 9.74983964079538 5.77293136626042 37.0750481077614 6.15779345734445 16.8697883258499 2.11674150096216 0.898011545862733 16.7415009621552 3.33547145606158 1.28287363694676
"1101" NA NA NA NA NA NA NA NA NA NA
"1102" NA NA NA NA NA NA NA NA NA NA
"1104" NA NA NA NA NA NA NA NA NA NA
"1105" NA NA NA NA NA NA NA NA NA NA
"1106" NA NA NA NA NA NA NA NA NA NA
"1110" NA NA NA NA NA NA NA NA NA NA
"1111" NA NA NA NA NA NA NA NA NA NA
"1114" NA NA NA NA NA NA NA NA NA NA
"1115" NA NA NA NA NA NA NA NA NA NA
"1116" NA NA NA NA NA NA NA NA NA NA
"1118" NA NA NA NA NA NA NA NA NA NA
"1119" NA NA NA NA NA NA NA NA NA NA
"1120" NA NA NA NA NA NA NA NA NA NA
"1122" NA NA NA NA NA NA NA NA NA NA
"1123" NA NA NA NA NA NA NA NA NA NA
"1125" NA NA NA NA NA NA NA NA NA NA
"1127" NA NA NA NA NA NA NA NA NA NA
"1128" NA NA NA NA NA NA NA NA NA NA
"1129" NA NA NA NA NA NA NA NA NA NA
"1130" NA NA NA NA NA NA NA NA NA NA
"1131" NA NA NA NA NA NA NA NA NA NA
"1133" NA NA NA NA NA NA NA NA NA NA
"1142" NA NA NA NA NA NA NA NA NA NA
"1143" NA NA NA NA NA NA NA NA NA NA
"1146" NA NA NA NA NA NA NA NA NA NA
"1150" NA NA NA NA NA NA NA NA NA NA
"1152" NA NA NA NA NA NA NA NA NA NA
"1153" NA NA NA NA NA NA NA NA NA NA
"1154" NA NA NA NA NA NA NA NA NA NA
"1156" NA NA NA NA NA NA NA NA NA NA
"1160" NA NA NA NA NA NA NA NA NA NA
"1162" NA NA NA NA NA NA NA NA NA NA
"1163" NA NA NA NA NA NA NA NA NA NA
"1164" NA NA NA NA NA NA NA NA NA NA
"1166" NA NA NA NA NA NA NA NA NA NA
"1168" NA NA NA NA NA NA NA NA NA NA
"1169" NA NA NA NA NA NA NA NA NA NA
"1170" NA NA NA NA NA NA NA NA NA NA
"1171" NA NA NA NA NA NA NA NA NA NA
"1173" NA NA NA NA NA NA NA NA NA NA
"1174" NA NA NA NA NA NA NA NA NA NA
"1178" NA NA NA NA NA NA NA NA NA NA
"1179" NA NA NA NA NA NA NA NA NA NA
"2101" NA NA NA NA NA NA NA NA NA NA
"2102" NA NA NA NA NA NA NA NA NA NA
"2103" NA NA NA NA NA NA NA NA NA NA
"2104" NA NA NA NA NA NA NA NA NA NA
"2105" NA NA NA NA NA NA NA NA NA NA
"2106" NA NA NA NA NA NA NA NA NA NA
"2109" NA NA NA NA NA NA NA NA NA NA
"2115" NA NA NA NA NA NA NA NA NA NA
"2117" NA NA NA NA NA NA NA NA NA NA
"2118" NA NA NA NA NA NA NA NA NA NA
"2120" NA NA NA NA NA NA NA NA NA NA
"2121" NA NA NA NA NA NA NA NA NA NA
"2122" NA NA NA NA NA NA NA NA NA NA
"2123" NA NA NA NA NA NA NA NA NA NA
"2124" NA NA NA NA NA NA NA NA NA NA
"3001" NA NA NA NA NA NA NA NA NA NA
"3002" NA NA NA NA NA NA NA NA NA NA
"3003" NA NA NA NA NA NA NA NA NA NA
"3004" NA NA NA NA NA NA NA NA NA NA
"3005" NA NA NA NA NA NA NA NA NA NA
"3006" NA NA NA NA NA NA NA NA NA NA
"3008" NA NA NA NA NA NA NA NA NA NA
"3009" NA NA NA NA NA NA NA NA NA NA
"3010" NA NA NA NA NA NA NA NA NA NA
"3016" NA NA NA NA NA NA NA NA NA NA
"3017" NA NA NA NA NA NA NA NA NA NA
"3025" NA NA NA NA NA NA NA NA NA NA
"3027" NA NA NA NA NA NA NA NA NA NA
"3030" NA NA NA NA NA NA NA NA NA NA
"3033" NA NA NA NA NA NA NA NA NA NA
"3034" NA NA NA NA NA NA NA NA NA NA
"3039" NA NA NA NA NA NA NA NA NA NA
"5006" NA NA NA NA NA NA NA NA NA NA
"5007" NA NA NA NA NA NA NA NA NA NA
"5014" NA NA NA NA NA NA NA NA NA NA
"5023" NA NA NA NA NA NA NA NA NA NA
"5035" NA NA NA NA NA NA NA NA NA NA
"6001" NA NA NA NA NA NA NA NA NA NA
