"Adipose Progenitor Cell 2" "ECM-Producing Early Preadipocyte" "Early Preadipocyte" "Adipose Progenitor Cell 1" "Mature Preadipocyte 2" "Mature Preadipocyte 1" "Metallothionein+ Preadipocyte" "ISG+ Preadipocyte" "Cycling Myofibroblast" "Myofibroblast" "MYOC+ Fibroblast" "PCOLCE+ Fibroblast"
"1103" 17.9821551132464 12.3541523678792 16.4722031571723 11.6678105696637 8.57927247769389 6.52024708304736 3.77487989018531 0.823610157858614 0.0686341798215511 9.05971173644475 8.71654083733699 3.98078242964997
"1107" 6.45994832041344 17.0542635658915 10.077519379845 11.8863049095607 8.2687338501292 21.1886304909561 2.84237726098191 0.775193798449612 0.516795865633075 16.0206718346253 4.1343669250646 0.775193798449612
"1108" 7.18954248366013 7.18954248366013 22.8758169934641 3.92156862745098 15.0326797385621 12.4183006535948 6.5359477124183 1.30718954248366 0.65359477124183 15.0326797385621 6.5359477124183 1.30718954248366
"1109" 22.2222222222222 7.93650793650794 40.4761904761905 7.14285714285714 5.55555555555556 4.76190476190476 3.96825396825397 0 1.58730158730159 1.58730158730159 0 4.76190476190476
"1112" 5.74712643678161 35.632183908046 10.3448275862069 5.74712643678161 11.4942528735632 14.9425287356322 4.59770114942529 0.574712643678161 0 4.02298850574713 2.8735632183908 4.02298850574713
"1113" 17.0238095238095 6.66666666666667 38.2142857142857 6.66666666666667 7.97619047619048 3.57142857142857 3.45238095238095 0.833333333333333 0 5.23809523809524 7.73809523809524 2.61904761904762
"1117" 10.2941176470588 18.1372549019608 12.2549019607843 11.2745098039216 14.2156862745098 12.0098039215686 0.980392156862745 0.735294117647059 0.245098039215686 2.45098039215686 8.57843137254902 8.82352941176471
"1126" 9.44206008583691 18.4549356223176 18.5979971387697 7.43919885550787 17.310443490701 11.1587982832618 4.43490701001431 0.572246065808298 0.715307582260372 5.86552217453505 2.57510729613734 3.43347639484979
"1132" 9.21052631578947 5.92105263157895 48.0263157894737 5.92105263157895 6.57894736842105 3.28947368421053 0.657894736842105 1.31578947368421 0.657894736842105 2.63157894736842 7.89473684210526 7.89473684210526
"1135" 11.4285714285714 19.7402597402597 39.5670995670996 4.84848484848485 7.27272727272727 2.16450216450216 6.06060606060606 0.692640692640693 0.0865800865800866 1.55844155844156 3.2034632034632 3.37662337662338
"1136" 17.2077922077922 13.474025974026 32.9545454545455 13.6363636363636 4.54545454545455 2.92207792207792 2.5974025974026 0.324675324675325 0 2.5974025974026 3.57142857142857 6.16883116883117
"1137" 17.5257731958763 15.4639175257732 31.9587628865979 10.3092783505155 10.3092783505155 4.12371134020619 0 1.03092783505155 1.03092783505155 2.06185567010309 0 6.18556701030928
"1138" 12.9324546952224 8.73146622734761 42.5864909390445 5.35420098846788 8.73146622734761 3.21252059308072 2.22405271828666 0.823723228995058 0.329489291598023 6.09555189456343 4.2833607907743 4.69522240527183
"1139" 12.8358208955224 15.5223880597015 35.3731343283582 5.52238805970149 5.52238805970149 2.83582089552239 7.76119402985075 1.49253731343284 1.04477611940299 4.77611940298508 5.97014925373134 1.34328358208955
"1141" 6.65417057169635 6.18556701030928 23.2427366447985 4.59231490159325 17.5257731958763 15.7450796626054 7.68509840674789 0.28116213683224 0.0937207122774133 8.99718837863168 6.65417057169635 2.34301780693533
"1147" 6.12535612535613 17.6638176638177 30.4843304843305 5.12820512820513 8.83190883190883 3.98860398860399 1.42450142450142 0.997150997150997 0.142450142450142 15.2421652421652 9.4017094017094 0.56980056980057
"1149" 15.2173913043478 19.5652173913043 19.5652173913043 17.3913043478261 2.17391304347826 2.17391304347826 6.52173913043478 0 0 2.17391304347826 15.2173913043478 0
"1151" 9.2128801431127 12.7906976744186 26.654740608229 6.79785330948122 10.912343470483 8.05008944543828 4.83005366726297 1.07334525939177 0.0894454382826476 10.1073345259392 8.67620751341682 0.805008944543828
"1155" 8.08561236623068 8.20451843043995 18.6682520808561 9.3935790725327 16.2901307966706 13.5552913198573 4.39952437574316 0.951248513674197 2.37812128418549 10.4637336504162 6.77764565992866 0.832342449464923
"1157" 22.3155368926215 8.15836832633473 36.7126574685063 6.23875224955009 4.55908818236353 0.959808038392321 0.599880023995201 1.01979604079184 0.23995200959808 3.41931613677265 4.31913617276545 11.4577084583083
"1158" 12.8926701570681 20.1570680628272 24.4109947643979 9.62041884816754 5.10471204188482 2.15968586387435 7.59162303664921 1.2434554973822 0 6.60994764397906 6.08638743455497 4.12303664921466
"1159" 10.6824925816024 22.0573689416419 28.8328387734916 9.89119683481701 7.6162215628091 4.00593471810089 3.65974282888229 1.08803165182987 0.0494559841740851 1.73095944609298 6.52818991097923 3.85756676557863
"1161" 7.6080340839927 14.4856968959221 29.0322580645161 6.1472915398661 10.9555690809495 3.9561777236762 6.8776628119294 0.852099817407182 0.182592818015825 8.70359099208764 8.39926962872794 2.79975654290931
"1165" 2.4390243902439 26.8292682926829 17.0731707317073 14.6341463414634 9.75609756097561 7.31707317073171 0 4.8780487804878 0 12.1951219512195 2.4390243902439 2.4390243902439
"1167" 11.5537848605578 28.9508632138114 31.2084993359894 6.77290836653386 3.32005312084993 0.398406374501992 1.99203187250996 3.05444887118194 0.265604249667995 0.796812749003984 5.57768924302789 6.10889774236388
"1172" 0 22.5806451612903 22.5806451612903 9.67741935483871 16.1290322580645 12.9032258064516 0 0 0 3.2258064516129 9.67741935483871 3.2258064516129
"1175" 2.42669362992922 7.98786653185035 53.8928210313448 0.70778564206269 12.8412537917088 3.2355915065723 4.44893832153691 1.01112234580384 0.101112234580384 8.79676440849343 3.8422649140546 0.70778564206269
"1176" 8.64197530864197 12.037037037037 22.3765432098765 5.40123456790123 8.17901234567901 6.32716049382716 5.55555555555556 0.771604938271605 0.462962962962963 20.8333333333333 9.10493827160494 0.308641975308642
"1180" 15.7303370786517 6.74157303370786 40.4494382022472 6.74157303370786 7.86516853932584 2.24719101123596 3.37078651685393 0 0 4.49438202247191 10.1123595505618 2.24719101123596
"1181" 11.1702127659574 29.2553191489362 27.3936170212766 10.6382978723404 0.265957446808511 0 1.59574468085106 1.86170212765957 0 2.3936170212766 10.1063829787234 5.31914893617021
"1182" 5.3968253968254 15.2380952380952 20.3174603174603 8.57142857142857 13.3333333333333 21.5873015873016 1.58730158730159 0.634920634920635 0.317460317460317 8.57142857142857 2.85714285714286 1.58730158730159
"2107" 8.67446393762183 14.8148148148148 16.1793372319688 10.3313840155945 17.3489278752437 10.8187134502924 2.24171539961014 1.16959064327485 0.584795321637427 8.28460038986355 6.72514619883041 2.82651072124756
"2108" 7.43575724439584 15.8556588299617 33.6796063422635 5.90486604702023 7.21705850191361 1.14816839803171 4.15527610716238 1.36686714051394 0.328048113723346 9.13067249863313 7.38108255877529 6.39693821760525
"2110" 26.1560693641618 5.78034682080925 41.1849710982659 5.20231213872832 0.578034682080925 0.578034682080925 7.36994219653179 2.02312138728324 0 1.01156069364162 1.30057803468208 8.8150289017341
"2111" 17.9168915272531 22.7738801942795 15.6502968159741 12.2504047490556 5.0728548300054 4.26335671883432 3.07609282245008 1.18726389638424 0.431732325957906 7.6092822450081 8.58067997841338 1.18726389638424
"2112" 8.51883561643836 15.1541095890411 23.0736301369863 7.19178082191781 8.81849315068493 6.29280821917808 5.69349315068493 1.36986301369863 0.38527397260274 13.7414383561644 8.00513698630137 1.75513698630137
"2113" 4.18888042650419 13.7852246763138 27.8750952018279 4.87433358720487 15.9177456207159 16.8316831683168 3.57958872810358 0.761614623000762 0.609291698400609 7.08301599390708 3.12261995430312 1.37090632140137
"2114" 2.54057868736768 31.1926605504587 21.030345800988 7.12773465067043 6.63373323923783 11.4326040931546 4.02258292166549 1.48200423429781 0.282286520818631 8.82145377558222 4.30486944248412 1.12914608327452
"2116" 7.65765765765766 11.2612612612613 28.8288288288288 8.55855855855856 10.8108108108108 9.90990990990991 7.65765765765766 1.35135135135135 0.45045045045045 6.30630630630631 6.30630630630631 0.900900900900901
"3007" 23.5880398671096 9.30232558139535 29.2358803986711 14.9501661129568 2.99003322259136 1.99335548172757 5.98006644518272 1.32890365448505 0 3.65448504983389 2.32558139534884 4.65116279069767
"3011" 15.7769304099142 6.67302192564347 21.9733079122974 12.2497616777884 14.0133460438513 9.00857959961868 3.24118207816969 0.571973307912297 0.238322211630124 4.28979980934223 2.24022878932316 9.72354623450906
"3012" 13.5869565217391 20.1086956521739 7.06521739130435 15.2173913043478 9.78260869565217 16.6666666666667 2.17391304347826 0.36231884057971 0.543478260869565 5.61594202898551 3.07971014492754 5.79710144927536
"3013" 14.7540983606557 9.83606557377049 49.1803278688525 3.27868852459016 4.91803278688525 3.27868852459016 4.91803278688525 1.63934426229508 0 1.63934426229508 4.91803278688525 1.63934426229508
"3014" 14.1592920353982 1.76991150442478 59.2920353982301 2.21238938053097 6.19469026548673 1.32743362831858 4.86725663716814 0.884955752212389 0 1.76991150442478 1.76991150442478 5.75221238938053
"3015" 9.61538461538462 16.3461538461538 15.3846153846154 16.3461538461538 11.5384615384615 3.84615384615385 2.88461538461538 0.961538461538462 0 3.84615384615385 8.65384615384615 10.5769230769231
"3018" 11.768851303735 11.768851303735 22.692036645525 4.58069062720226 12.1212121212121 4.369274136716 8.87949260042283 1.05708245243129 0.140944326990839 12.4735729386892 4.86257928118393 5.28541226215645
"3019" 13.7291280148423 13.3580705009276 33.2096474953618 1.66975881261596 10.0185528756957 2.22634508348794 7.23562152133581 0.927643784786642 0.556586270871985 7.42115027829314 8.53432282003711 1.11317254174397
"3020" 4.55729166666667 10.8723958333333 51.6276041666667 2.5390625 15.9505208333333 5.40364583333333 1.30208333333333 0.390625 0.130208333333333 1.69270833333333 3.25520833333333 2.27864583333333
"3021" 18.2284980744544 14.2062473256312 19.3410355156183 8.94308943089431 2.65297389816003 2.65297389816003 5.3487376979033 1.41206675224647 0.427899015832264 16.6452717158751 8.51519041506204 1.6260162601626
"3022" 12.3529411764706 24.8529411764706 17.5 6.91176470588235 6.91176470588235 5 6.76470588235294 0.588235294117647 0.441176470588235 7.5 8.38235294117647 2.79411764705882
"3023" 9.9537037037037 27.0833333333333 25.8101851851852 10.0694444444444 6.36574074074074 6.13425925925926 3.24074074074074 0.694444444444444 0.115740740740741 6.59722222222222 3.125 0.810185185185185
"3024" 10.2633355840648 10.9385550303849 36.934503713707 3.10600945307225 7.76502363268062 2.4983119513842 8.37272113436867 0.810263335584065 0.472653612424038 8.91289669142471 8.98041863605672 0.945307224848076
"3026" 11.4285714285714 10.2857142857143 18.2857142857143 14.8571428571429 6.85714285714286 1.71428571428571 4.57142857142857 0.571428571428571 0.571428571428571 9.71428571428571 10.8571428571429 10.2857142857143
"3028" 7.05804749340369 25 10.4221635883905 8.04749340369393 7.18997361477573 9.96042216358839 6.2664907651715 1.51715039577836 1.05540897097625 11.9393139841689 10.4881266490765 1.05540897097625
"3029" 8.03443328550932 19.8947871831659 30.9899569583931 5.69105691056911 4.25633668101387 3.34768053562889 5.69105691056911 0.956480153036825 0.143472022955524 11.142993782879 8.94308943089431 0.908656145384983
"3031" 9.62162162162162 18.4864864864865 44.8648648648649 2.37837837837838 5.94594594594595 0.972972972972973 5.40540540540541 1.94594594594595 0.432432432432432 5.83783783783784 3.24324324324324 0.864864864864865
"3032" 6.16279069767442 11.9767441860465 23.6046511627907 8.83720930232558 10.5813953488372 11.5116279069767 3.6046511627907 1.04651162790698 1.3953488372093 16.9767441860465 3.02325581395349 1.27906976744186
"3035" 13.3540372670807 21.1180124223602 27.0186335403727 7.45341614906832 2.79503105590062 0.93167701863354 6.2111801242236 0.93167701863354 0.31055900621118 3.72670807453416 13.9751552795031 2.17391304347826
"3037" 1.30434782608696 36.0869565217391 25.6521739130435 0.869565217391304 10.4347826086957 8.26086956521739 2.17391304347826 2.17391304347826 0 10.4347826086957 2.17391304347826 0.434782608695652
"1101" NA NA NA NA NA NA NA NA NA NA NA NA
"1102" NA NA NA NA NA NA NA NA NA NA NA NA
"1104" NA NA NA NA NA NA NA NA NA NA NA NA
"1105" NA NA NA NA NA NA NA NA NA NA NA NA
"1106" NA NA NA NA NA NA NA NA NA NA NA NA
"1110" NA NA NA NA NA NA NA NA NA NA NA NA
"1111" NA NA NA NA NA NA NA NA NA NA NA NA
"1114" NA NA NA NA NA NA NA NA NA NA NA NA
"1115" NA NA NA NA NA NA NA NA NA NA NA NA
"1116" NA NA NA NA NA NA NA NA NA NA NA NA
"1118" NA NA NA NA NA NA NA NA NA NA NA NA
"1119" NA NA NA NA NA NA NA NA NA NA NA NA
"1120" NA NA NA NA NA NA NA NA NA NA NA NA
"1122" NA NA NA NA NA NA NA NA NA NA NA NA
"1123" NA NA NA NA NA NA NA NA NA NA NA NA
"1125" NA NA NA NA NA NA NA NA NA NA NA NA
"1127" NA NA NA NA NA NA NA NA NA NA NA NA
"1128" NA NA NA NA NA NA NA NA NA NA NA NA
"1129" NA NA NA NA NA NA NA NA NA NA NA NA
"1130" NA NA NA NA NA NA NA NA NA NA NA NA
"1131" NA NA NA NA NA NA NA NA NA NA NA NA
"1133" NA NA NA NA NA NA NA NA NA NA NA NA
"1142" NA NA NA NA NA NA NA NA NA NA NA NA
"1143" NA NA NA NA NA NA NA NA NA NA NA NA
"1146" NA NA NA NA NA NA NA NA NA NA NA NA
"1150" NA NA NA NA NA NA NA NA NA NA NA NA
"1152" NA NA NA NA NA NA NA NA NA NA NA NA
"1153" NA NA NA NA NA NA NA NA NA NA NA NA
"1154" NA NA NA NA NA NA NA NA NA NA NA NA
"1156" NA NA NA NA NA NA NA NA NA NA NA NA
"1160" NA NA NA NA NA NA NA NA NA NA NA NA
"1162" NA NA NA NA NA NA NA NA NA NA NA NA
"1163" NA NA NA NA NA NA NA NA NA NA NA NA
"1164" NA NA NA NA NA NA NA NA NA NA NA NA
"1166" NA NA NA NA NA NA NA NA NA NA NA NA
"1168" NA NA NA NA NA NA NA NA NA NA NA NA
"1169" NA NA NA NA NA NA NA NA NA NA NA NA
"1170" NA NA NA NA NA NA NA NA NA NA NA NA
"1171" NA NA NA NA NA NA NA NA NA NA NA NA
"1173" NA NA NA NA NA NA NA NA NA NA NA NA
"1174" NA NA NA NA NA NA NA NA NA NA NA NA
"1178" NA NA NA NA NA NA NA NA NA NA NA NA
"1179" NA NA NA NA NA NA NA NA NA NA NA NA
"2101" NA NA NA NA NA NA NA NA NA NA NA NA
"2102" NA NA NA NA NA NA NA NA NA NA NA NA
"2103" NA NA NA NA NA NA NA NA NA NA NA NA
"2104" NA NA NA NA NA NA NA NA NA NA NA NA
"2105" NA NA NA NA NA NA NA NA NA NA NA NA
"2106" NA NA NA NA NA NA NA NA NA NA NA NA
"2109" NA NA NA NA NA NA NA NA NA NA NA NA
"2115" NA NA NA NA NA NA NA NA NA NA NA NA
"2117" NA NA NA NA NA NA NA NA NA NA NA NA
"2118" NA NA NA NA NA NA NA NA NA NA NA NA
"2120" NA NA NA NA NA NA NA NA NA NA NA NA
"2121" NA NA NA NA NA NA NA NA NA NA NA NA
"2122" NA NA NA NA NA NA NA NA NA NA NA NA
"2123" NA NA NA NA NA NA NA NA NA NA NA NA
"2124" NA NA NA NA NA NA NA NA NA NA NA NA
"3001" NA NA NA NA NA NA NA NA NA NA NA NA
"3002" NA NA NA NA NA NA NA NA NA NA NA NA
"3003" NA NA NA NA NA NA NA NA NA NA NA NA
"3004" NA NA NA NA NA NA NA NA NA NA NA NA
"3005" NA NA NA NA NA NA NA NA NA NA NA NA
"3006" NA NA NA NA NA NA NA NA NA NA NA NA
"3008" NA NA NA NA NA NA NA NA NA NA NA NA
"3009" NA NA NA NA NA NA NA NA NA NA NA NA
"3010" NA NA NA NA NA NA NA NA NA NA NA NA
"3016" NA NA NA NA NA NA NA NA NA NA NA NA
"3017" NA NA NA NA NA NA NA NA NA NA NA NA
"3025" NA NA NA NA NA NA NA NA NA NA NA NA
"3027" NA NA NA NA NA NA NA NA NA NA NA NA
"3030" NA NA NA NA NA NA NA NA NA NA NA NA
"3033" NA NA NA NA NA NA NA NA NA NA NA NA
"3034" NA NA NA NA NA NA NA NA NA NA NA NA
"3039" NA NA NA NA NA NA NA NA NA NA NA NA
