"Adipose Progenitor Cell 2" "ECM-Producing Early Preadipocyte" "Early Preadipocyte" "Adipose Progenitor Cell 1" "Mature Preadipocyte 2" "Mature Preadipocyte 1" "Metallothionein+ Preadipocyte" "Cycling Myofibroblast" "Myofibroblast" "MYOC+ Fibroblast" "PCOLCE+ Fibroblast"
"1103" 18.1314878892734 12.4567474048443 16.6089965397924 11.7647058823529 8.65051903114187 6.57439446366782 3.80622837370242 0.0692041522491349 9.13494809688581 8.78892733564014 4.01384083044983
"1107" 6.51041666666667 17.1875 10.15625 11.9791666666667 8.33333333333333 21.3541666666667 2.86458333333333 0.520833333333333 16.1458333333333 4.16666666666667 0.78125
"1108" 7.28476821192053 7.28476821192053 23.1788079470199 3.97350993377483 15.2317880794702 12.5827814569536 6.62251655629139 0.662251655629139 15.2317880794702 6.62251655629139 1.32450331125828
"1109" 22.2222222222222 7.93650793650794 40.4761904761905 7.14285714285714 5.55555555555556 4.76190476190476 3.96825396825397 1.58730158730159 1.58730158730159 0 4.76190476190476
"1112" 5.78034682080925 35.8381502890173 10.4046242774566 5.78034682080925 11.5606936416185 15.028901734104 4.6242774566474 0 4.04624277456647 2.89017341040462 4.04624277456647
"1113" 17.1668667466987 6.72268907563025 38.5354141656663 6.72268907563025 8.04321728691477 3.60144057623049 3.48139255702281 0 5.28211284513806 7.8031212484994 2.64105642256903
"1117" 10.3703703703704 18.2716049382716 12.3456790123457 11.358024691358 14.320987654321 12.0987654320988 0.987654320987654 0.246913580246914 2.46913580246914 8.64197530864197 8.88888888888889
"1126" 9.49640287769784 18.5611510791367 18.705035971223 7.48201438848921 17.410071942446 11.2230215827338 4.46043165467626 0.719424460431655 5.89928057553957 2.58992805755396 3.45323741007194
"1132" 9.33333333333333 6 48.6666666666667 6 6.66666666666667 3.33333333333333 0.666666666666667 0.666666666666667 2.66666666666667 8 8
"1135" 11.5082824760244 19.8779424585876 39.8430688753269 4.8823016564952 7.32345248474281 2.1795989537925 6.10287707061901 0.0871839581517001 1.5693112467306 3.2258064516129 3.4001743679163
"1136" 17.2638436482085 13.5179153094463 33.0618892508143 13.6807817589577 4.56026058631922 2.93159609120521 2.60586319218241 0 2.60586319218241 3.58306188925081 6.18892508143322
"1137" 17.7083333333333 15.625 32.2916666666667 10.4166666666667 10.4166666666667 4.16666666666667 0 1.04166666666667 2.08333333333333 0 6.25
"1138" 13.0398671096346 8.80398671096346 42.9401993355482 5.39867109634551 8.80398671096346 3.23920265780731 2.24252491694352 0.332225913621262 6.14617940199336 4.31893687707641 4.73421926910299
"1139" 13.030303030303 15.7575757575758 35.9090909090909 5.60606060606061 5.60606060606061 2.87878787878788 7.87878787878788 1.06060606060606 4.84848484848485 6.06060606060606 1.36363636363636
"1141" 6.67293233082707 6.20300751879699 23.3082706766917 4.60526315789474 17.5751879699248 15.7894736842105 7.70676691729323 0.093984962406015 9.02255639097744 6.67293233082707 2.34962406015038
"1147" 6.18705035971223 17.841726618705 30.7913669064748 5.17985611510791 8.92086330935252 4.02877697841727 1.43884892086331 0.143884892086331 15.3956834532374 9.49640287769784 0.575539568345324
"1149" 15.2173913043478 19.5652173913043 19.5652173913043 17.3913043478261 2.17391304347826 2.17391304347826 6.52173913043478 0 2.17391304347826 15.2173913043478 0
"1151" 9.3128390596745 12.9294755877034 26.9439421338156 6.87160940325497 11.0307414104882 8.1374321880651 4.88245931283906 0.0904159132007233 10.2169981916817 8.77034358047016 0.81374321880651
"1155" 8.16326530612245 8.28331332533013 18.8475390156062 9.48379351740696 16.4465786314526 13.6854741896759 4.44177671068427 2.40096038415366 10.5642256902761 6.84273709483793 0.840336134453782
"1157" 22.5454545454545 8.24242424242424 37.0909090909091 6.3030303030303 4.60606060606061 0.96969696969697 0.606060606060606 0.242424242424242 3.45454545454545 4.36363636363636 11.5757575757576
"1158" 13.0550033134526 20.4108681245858 24.7183565275017 9.74155069582505 5.16898608349901 2.18687872763419 7.68721007289596 0 6.69317428760769 6.16302186878728 4.17495029821074
"1159" 10.8 22.3 29.15 10 7.7 4.05 3.7 0.05 1.75 6.6 3.9
"1161" 7.67341927562922 14.610190300798 29.2817679558011 6.20012277470841 11.0497237569061 3.99017802332719 6.93677102516882 0.184162062615101 8.77839165131983 8.47145488029466 2.82381829343155
"1165" 2.56410256410256 28.2051282051282 17.9487179487179 15.3846153846154 10.2564102564103 7.69230769230769 0 0 12.8205128205128 2.56410256410256 2.56410256410256
"1167" 11.9178082191781 29.8630136986301 32.1917808219178 6.98630136986301 3.42465753424658 0.410958904109589 2.05479452054794 0.273972602739726 0.821917808219178 5.75342465753425 6.3013698630137
"1172" 0 22.5806451612903 22.5806451612903 9.67741935483871 16.1290322580645 12.9032258064516 0 0 3.2258064516129 9.67741935483871 3.2258064516129
"1175" 2.4514811031665 8.06945863125638 54.4433094994893 0.715015321756895 12.9724208375894 3.26864147088866 4.49438202247191 0.102145045965271 8.88661899897855 3.88151174668029 0.715015321756895
"1176" 8.70917573872473 12.1306376360809 22.5505443234837 5.44323483670296 8.24261275272162 6.37636080870918 5.59875583203732 0.46656298600311 20.99533437014 9.17573872472784 0.31104199066874
"1180" 15.7303370786517 6.74157303370786 40.4494382022472 6.74157303370786 7.86516853932584 2.24719101123596 3.37078651685393 0 4.49438202247191 10.1123595505618 2.24719101123596
"1181" 11.3821138211382 29.810298102981 27.9132791327913 10.840108401084 0.2710027100271 0 1.6260162601626 0 2.4390243902439 10.2981029810298 5.42005420054201
"1182" 5.43130990415335 15.3354632587859 20.4472843450479 8.62619808306709 13.4185303514377 21.7252396166134 1.59744408945687 0.319488817891374 8.62619808306709 2.87539936102236 1.59744408945687
"2107" 8.77712031558185 14.9901380670611 16.370808678501 10.4536489151874 17.5542406311637 10.9467455621302 2.26824457593688 0.591715976331361 8.38264299802761 6.80473372781065 2.85996055226824
"2108" 7.53880266075388 16.0753880266075 34.1463414634146 5.98669623059867 7.31707317073171 1.16407982261641 4.21286031042129 0.332594235033259 9.25720620842572 7.48337028824834 6.48558758314856
"2110" 26.6961651917404 5.89970501474926 42.0353982300885 5.30973451327434 0.589970501474926 0.589970501474926 7.52212389380531 0 1.03244837758112 1.32743362831858 8.99705014749263
"2111" 18.1321682140907 23.0475150191152 15.8383397050792 12.397596941562 5.13380666302567 4.31458219552157 3.11305297651557 0.436919716002185 7.7007099945385 8.68377935554342 1.20152921900601
"2112" 8.63715277777778 15.3645833333333 23.3940972222222 7.29166666666667 8.94097222222222 6.38020833333333 5.77256944444444 0.390625 13.9322916666667 8.11631944444444 1.77951388888889
"2113" 4.22102839600921 13.8910207214121 28.0890253261704 4.91174213353799 16.039907904835 16.9608595548734 3.60706062931696 0.613967766692249 7.13737528779739 3.14658480429777 1.38142747505756
"2114" 2.57879656160458 31.6618911174785 21.3467048710602 7.23495702005731 6.73352435530086 11.6045845272206 4.08309455587393 0.286532951289398 8.9541547277937 4.36962750716332 1.14613180515759
"2116" 7.76255707762557 11.4155251141553 29.2237442922374 8.67579908675799 10.958904109589 10.0456621004566 7.76255707762557 0.45662100456621 6.39269406392694 6.39269406392694 0.91324200913242
"3007" 23.9057239057239 9.42760942760943 29.6296296296296 15.1515151515152 3.03030303030303 2.02020202020202 6.06060606060606 0 3.7037037037037 2.35690235690236 4.71380471380471
"3011" 15.8676893576222 6.71140939597315 22.0997123681687 12.320230105465 14.0939597315436 9.06040268456376 3.25982742090125 0.239693192713327 4.31447746883989 2.25311601150527 9.77948226270374
"3012" 13.6363636363636 20.1818181818182 7.09090909090909 15.2727272727273 9.81818181818182 16.7272727272727 2.18181818181818 0.545454545454546 5.63636363636364 3.09090909090909 5.81818181818182
"3013" 15 10 50 3.33333333333333 5 3.33333333333333 5 0 1.66666666666667 5 1.66666666666667
"3014" 14.2857142857143 1.78571428571429 59.8214285714286 2.23214285714286 6.25 1.33928571428571 4.91071428571429 0 1.78571428571429 1.78571428571429 5.80357142857143
"3015" 9.70873786407767 16.504854368932 15.5339805825243 16.504854368932 11.6504854368932 3.88349514563107 2.9126213592233 0 3.88349514563107 8.7378640776699 10.6796116504854
"3018" 11.8945868945869 11.8945868945869 22.9344729344729 4.62962962962963 12.2507122507123 4.41595441595442 8.97435897435897 0.142450142450142 12.6068376068376 4.91452991452991 5.34188034188034
"3019" 13.8576779026217 13.4831460674157 33.5205992509363 1.68539325842697 10.1123595505618 2.24719101123596 7.30337078651685 0.561797752808989 7.49063670411985 8.61423220973783 1.12359550561798
"3020" 4.57516339869281 10.9150326797386 51.8300653594771 2.54901960784314 16.0130718954248 5.42483660130719 1.30718954248366 0.130718954248366 1.69934640522876 3.26797385620915 2.28758169934641
"3021" 18.4895833333333 14.4097222222222 19.6180555555556 9.07118055555556 2.69097222222222 2.69097222222222 5.42534722222222 0.434027777777778 16.8836805555556 8.63715277777778 1.64930555555556
"3022" 12.4260355029586 25 17.603550295858 6.95266272189349 6.95266272189349 5.02958579881657 6.80473372781065 0.443786982248521 7.54437869822485 8.43195266272189 2.81065088757396
"3023" 10.02331002331 27.2727272727273 25.990675990676 10.1398601398601 6.41025641025641 6.17715617715618 3.26340326340326 0.116550116550117 6.64335664335664 3.14685314685315 0.815850815850816
"3024" 10.3471749489449 11.0279101429544 37.2362151123213 3.13138189244384 7.8284547311096 2.51872021783526 8.44111640571818 0.476514635806671 8.9857045609258 9.05377808032675 0.953029271613342
"3026" 11.4942528735632 10.3448275862069 18.3908045977011 14.9425287356322 6.89655172413793 1.72413793103448 4.59770114942529 0.574712643678161 9.77011494252874 10.9195402298851 10.3448275862069
"3028" 7.16677829872739 25.3851306095111 10.5827193569993 8.17146684527796 7.3007367716008 10.1138647019424 6.36302746148694 1.07166778298727 12.1232417950435 10.649698593436 1.07166778298727
"3029" 8.11202317720908 20.0869145340415 31.2892322549493 5.74601641718976 4.297440849831 3.38000965717045 5.74601641718976 0.144857556735876 11.2506035731531 9.02945436986963 0.917431192660551
"3031" 9.81256890848953 18.8533627342889 45.755237045204 2.42557883131202 6.06394707828004 0.992282249173098 5.51267916207277 0.441014332965821 5.95369349503859 3.30760749724366 0.882028665931643
"3032" 6.22796709753232 12.1034077555817 23.8542890716804 8.93066980023502 10.6933019976498 11.6333725029377 3.6427732079906 1.41010575793185 17.1562867215041 3.05522914218566 1.29259694477086
"3035" 13.4796238244514 21.3166144200627 27.2727272727273 7.52351097178683 2.82131661442006 0.940438871473354 6.26959247648903 0.313479623824451 3.76175548589342 14.1065830721003 2.19435736677116
"3037" 1.33333333333333 36.8888888888889 26.2222222222222 0.888888888888889 10.6666666666667 8.44444444444444 2.22222222222222 0 10.6666666666667 2.22222222222222 0.444444444444444
"1101" NA NA NA NA NA NA NA NA NA NA NA
"1102" NA NA NA NA NA NA NA NA NA NA NA
"1104" NA NA NA NA NA NA NA NA NA NA NA
"1105" NA NA NA NA NA NA NA NA NA NA NA
"1106" NA NA NA NA NA NA NA NA NA NA NA
"1110" NA NA NA NA NA NA NA NA NA NA NA
"1111" NA NA NA NA NA NA NA NA NA NA NA
"1114" NA NA NA NA NA NA NA NA NA NA NA
"1115" NA NA NA NA NA NA NA NA NA NA NA
"1116" NA NA NA NA NA NA NA NA NA NA NA
"1118" NA NA NA NA NA NA NA NA NA NA NA
"1119" NA NA NA NA NA NA NA NA NA NA NA
"1120" NA NA NA NA NA NA NA NA NA NA NA
"1122" NA NA NA NA NA NA NA NA NA NA NA
"1123" NA NA NA NA NA NA NA NA NA NA NA
"1125" NA NA NA NA NA NA NA NA NA NA NA
"1127" NA NA NA NA NA NA NA NA NA NA NA
"1128" NA NA NA NA NA NA NA NA NA NA NA
"1129" NA NA NA NA NA NA NA NA NA NA NA
"1130" NA NA NA NA NA NA NA NA NA NA NA
"1131" NA NA NA NA NA NA NA NA NA NA NA
"1133" NA NA NA NA NA NA NA NA NA NA NA
"1142" NA NA NA NA NA NA NA NA NA NA NA
"1143" NA NA NA NA NA NA NA NA NA NA NA
"1146" NA NA NA NA NA NA NA NA NA NA NA
"1150" NA NA NA NA NA NA NA NA NA NA NA
"1152" NA NA NA NA NA NA NA NA NA NA NA
"1153" NA NA NA NA NA NA NA NA NA NA NA
"1154" NA NA NA NA NA NA NA NA NA NA NA
"1156" NA NA NA NA NA NA NA NA NA NA NA
"1160" NA NA NA NA NA NA NA NA NA NA NA
"1162" NA NA NA NA NA NA NA NA NA NA NA
"1163" NA NA NA NA NA NA NA NA NA NA NA
"1164" NA NA NA NA NA NA NA NA NA NA NA
"1166" NA NA NA NA NA NA NA NA NA NA NA
"1168" NA NA NA NA NA NA NA NA NA NA NA
"1169" NA NA NA NA NA NA NA NA NA NA NA
"1170" NA NA NA NA NA NA NA NA NA NA NA
"1171" NA NA NA NA NA NA NA NA NA NA NA
"1173" NA NA NA NA NA NA NA NA NA NA NA
"1174" NA NA NA NA NA NA NA NA NA NA NA
"1178" NA NA NA NA NA NA NA NA NA NA NA
"1179" NA NA NA NA NA NA NA NA NA NA NA
"2101" NA NA NA NA NA NA NA NA NA NA NA
"2102" NA NA NA NA NA NA NA NA NA NA NA
"2103" NA NA NA NA NA NA NA NA NA NA NA
"2104" NA NA NA NA NA NA NA NA NA NA NA
"2105" NA NA NA NA NA NA NA NA NA NA NA
"2106" NA NA NA NA NA NA NA NA NA NA NA
"2109" NA NA NA NA NA NA NA NA NA NA NA
"2115" NA NA NA NA NA NA NA NA NA NA NA
"2117" NA NA NA NA NA NA NA NA NA NA NA
"2118" NA NA NA NA NA NA NA NA NA NA NA
"2120" NA NA NA NA NA NA NA NA NA NA NA
"2121" NA NA NA NA NA NA NA NA NA NA NA
"2122" NA NA NA NA NA NA NA NA NA NA NA
"2123" NA NA NA NA NA NA NA NA NA NA NA
"2124" NA NA NA NA NA NA NA NA NA NA NA
"3001" NA NA NA NA NA NA NA NA NA NA NA
"3002" NA NA NA NA NA NA NA NA NA NA NA
"3003" NA NA NA NA NA NA NA NA NA NA NA
"3004" NA NA NA NA NA NA NA NA NA NA NA
"3005" NA NA NA NA NA NA NA NA NA NA NA
"3006" NA NA NA NA NA NA NA NA NA NA NA
"3008" NA NA NA NA NA NA NA NA NA NA NA
"3009" NA NA NA NA NA NA NA NA NA NA NA
"3010" NA NA NA NA NA NA NA NA NA NA NA
"3016" NA NA NA NA NA NA NA NA NA NA NA
"3017" NA NA NA NA NA NA NA NA NA NA NA
"3025" NA NA NA NA NA NA NA NA NA NA NA
"3027" NA NA NA NA NA NA NA NA NA NA NA
"3030" NA NA NA NA NA NA NA NA NA NA NA
"3033" NA NA NA NA NA NA NA NA NA NA NA
"3034" NA NA NA NA NA NA NA NA NA NA NA
"3039" NA NA NA NA NA NA NA NA NA NA NA
