"Adipose Progenitor Cell 2" "ECM-Producing Early Preadipocyte" "Early Preadipocyte" "Adipose Progenitor Cell 1" "Mature Preadipocyte 2" "Mature Preadipocyte 1" "Metallothionein+ Preadipocyte" "ISG+ Preadipocyte" "Cycling Myofibroblast" "Myofibroblast" "MYOC+ Fibroblast" "PCOLCE+ Fibroblast"
"1103" 6.13793103448276 11.448275862069 17.5172413793103 7.86206896551724 12.4827586206897 9.79310344827586 3.93103448275862 1.03448275862069 0.0689655172413793 9.31034482758621 8.68965517241379 11.7241379310345
"1107" 3.94736842105263 7.36842105263158 12.3684210526316 7.10526315789474 7.89473684210526 33.6842105263158 4.21052631578947 0.789473684210526 0.526315789473684 16.3157894736842 4.73684210526316 1.05263157894737
"1108" 6 3.33333333333333 20 2.66666666666667 19.3333333333333 16 6 1.33333333333333 0.666666666666667 15.3333333333333 7.33333333333333 2
"1109" 0 5.69105691056911 48.780487804878 8.13008130081301 8.13008130081301 6.50406504065041 4.0650406504065 0 0.813008130081301 0.813008130081301 0 17.0731707317073
"1112" 1.15606936416185 35.2601156069364 10.9826589595376 2.3121387283237 13.8728323699422 17.3410404624277 3.46820809248555 1.73410404624277 0 2.3121387283237 4.6242774566474 6.9364161849711
"1113" 8.25358851674641 2.63157894736842 32.177033492823 5.38277511961723 17.1052631578947 8.97129186602871 4.42583732057416 0.598086124401914 0 6.33971291866029 6.45933014354067 7.6555023923445
"1117" 5.1980198019802 7.17821782178218 10.1485148514851 8.91089108910891 20.2970297029703 23.7623762376238 0.99009900990099 0.495049504950495 0.495049504950495 1.98019801980198 7.92079207920792 12.6237623762376
"1126" 2.01729106628242 11.3832853025937 15.2737752161383 5.47550432276657 24.0634005763689 19.8847262247839 5.47550432276657 0.864553314121038 0.720461095100865 5.47550432276657 2.59365994236311 6.77233429394813
"1132" 1.34228187919463 3.35570469798658 51.006711409396 3.35570469798658 10.0671140939597 6.71140939597315 1.34228187919463 1.34228187919463 0 2.68456375838926 7.38255033557047 11.4093959731544
"1135" 3.31010452961672 8.79790940766551 28.1358885017422 3.13588850174216 22.3867595818815 14.7212543554007 6.62020905923345 0.522648083623693 0.0871080139372822 1.30662020905923 3.83275261324042 7.14285714285714
"1136" 1.47540983606557 11.1475409836066 35.2459016393443 10 9.83606557377049 9.18032786885246 2.78688524590164 0.327868852459016 0 2.62295081967213 3.44262295081967 13.9344262295082
"1137" 0 7.29166666666667 30.2083333333333 7.29166666666667 20.8333333333333 14.5833333333333 0 0 0 3.125 1.04166666666667 15.625
"1138" 3.40248962655602 5.89211618257261 34.6058091286307 3.15352697095436 20.1659751037344 8.46473029045643 2.4896265560166 0.912863070539419 0.24896265560166 5.80912863070539 4.06639004149378 10.7883817427386
"1139" 3.03490136570561 14.4157814871017 30.6525037936267 2.12443095599393 16.5402124430956 7.28376327769347 8.34597875569044 1.21396054628225 0.606980273141123 3.33839150227618 6.37329286798179 6.06980273141123
"1141" 2.18009478672986 3.22274881516588 22.085308056872 3.88625592417062 22.3696682464455 17.914691943128 7.77251184834123 0.37914691943128 0.0947867298578199 9.47867298578199 6.54028436018957 4.07582938388626
"1147" 3.06122448979592 12.3906705539359 26.9679300291545 2.62390670553936 14.7230320699708 11.8075801749271 0.87463556851312 1.02040816326531 0.145772594752187 14.7230320699708 9.62099125364431 2.04081632653061
"1149" 8.88888888888889 24.4444444444444 15.5555555555556 4.44444444444444 11.1111111111111 6.66666666666667 6.66666666666667 0 0 4.44444444444444 13.3333333333333 4.44444444444444
"1151" 5.29197080291971 6.75182481751825 21.0766423357664 5.38321167883212 19.1605839416058 15.6021897810219 5.01824817518248 1.18613138686131 0.0912408759124088 8.57664233576642 9.67153284671533 2.18978102189781
"1155" 1.56815440289505 7.4788902291918 24.6079613992762 7.59951749095295 15.5609167671894 16.1640530759952 3.7394451145959 0.965018094089264 2.291917973462 10.4945717732207 6.63449939686369 2.89505428226779
"1157" 4.75030450669915 5.17661388550548 32.5213154689403 3.77588306942753 16.5042630937881 5.60292326431181 0.791717417783191 1.0353227771011 0.243605359317905 2.61875761266748 4.62850182704019 22.3507917174178
"1158" 2.26063829787234 14.0957446808511 20.0797872340426 6.44946808510638 14.4281914893617 9.97340425531915 9.30851063829787 1.26329787234043 0 5.91755319148936 6.64893617021277 9.57446808510638
"1159" 1.61127895266868 16.2638469284995 25.1258811681772 6.04229607250755 16.515609264854 13.9476334340383 3.47432024169184 0.755287009063444 0.0503524672708963 1.56092648539778 6.59617321248741 8.0563947633434
"1161" 2.16049382716049 7.28395061728395 18.3950617283951 3.7037037037037 24.6296296296296 12.6543209876543 7.22222222222222 0.864197530864197 0.185185185185185 8.14814814814815 9.01234567901234 5.74074074074074
"1165" 0 17.0731707317073 17.0731707317073 0 14.6341463414634 24.390243902439 0 4.8780487804878 0 12.1951219512195 4.8780487804878 4.8780487804878
"1167" 1.76630434782609 17.5271739130435 20.1086956521739 4.7554347826087 20.3804347826087 12.9076086956522 2.85326086956522 2.98913043478261 0.271739130434783 0.135869565217391 6.38586956521739 9.91847826086956
"1172" 0 16.1290322580645 16.1290322580645 12.9032258064516 16.1290322580645 22.5806451612903 0 0 0 3.2258064516129 9.67741935483871 3.2258064516129
"1175" 0.608519269776876 2.73833671399594 38.0324543610548 0.304259634888438 29.2089249492901 9.53346855983773 4.15821501014199 1.11561866125761 0.101419878296146 8.82352941176471 3.85395537525355 1.52129817444219
"1176" 6.60377358490566 1.41509433962264 17.4528301886792 3.93081761006289 12.8930817610063 16.0377358490566 8.33333333333333 0.628930817610063 0.471698113207547 21.3836477987421 8.9622641509434 1.88679245283019
"1180" 2.32558139534884 3.48837209302326 33.7209302325581 6.97674418604651 23.2558139534884 8.13953488372093 4.65116279069767 0 0 3.48837209302326 9.30232558139535 4.65116279069767
"1181" 0.273224043715847 26.775956284153 25.4098360655738 5.46448087431694 9.01639344262295 7.10382513661202 2.73224043715847 1.91256830601093 0.273224043715847 2.18579234972678 10.3825136612022 8.46994535519126
"1182" 4.22077922077922 1.2987012987013 13.6363636363636 7.46753246753247 19.8051948051948 37.6623376623377 1.94805194805195 0 0.324675324675325 6.81818181818182 3.8961038961039 2.92207792207792
"2107" 6.21814475025484 5.60652395514781 8.15494393476045 8.05300713557594 24.0570846075433 24.5667686034659 2.14067278287462 1.32517838939857 0.611620795107034 8.46075433231396 6.82976554536187 3.97553516819572
"2108" 0.394144144144144 4.89864864864865 18.4684684684685 4.4481981981982 24.6058558558559 13.1756756756757 5.01126126126126 1.06981981981982 0.337837837837838 8.50225225225225 8.0518018018018 11.036036036036
"2110" 3.7147102526003 9.80683506686479 44.8736998514116 2.08023774145617 8.61812778603269 1.04011887072808 8.46953937592868 1.93164933135215 0 1.33729569093611 1.48588410104012 16.6419019316493
"2111" 11.7647058823529 16.6122004357299 14.4880174291939 7.40740740740741 9.53159041394336 15.1960784313725 3.21350762527233 1.08932461873638 0.435729847494553 7.9520697167756 8.33333333333333 3.9760348583878
"2112" 4.85222761358624 7.32245258050287 19.1001323334804 5.16100573445082 15.70357300397 15.4389060432289 6.30789589766211 1.49977944419938 0.485222761358624 13.1010145566828 8.2487869430966 2.77900308778121
"2113" 1.16189000774593 7.74593338497289 25.4841208365608 4.0278853601859 19.8295894655306 23.5476374903176 3.79550735863672 0.619674670797831 0.619674670797831 7.5135553834237 3.4856700232378 2.16886134779241
"2114" 0.972326103216156 15.3328347045625 16.5295437546746 5.16080777860883 11.5183246073298 28.1226626776365 5.0112191473448 1.34629768137622 0.37397157816006 9.42408376963351 4.56245325355273 1.64547494390426
"2116" 1.36986301369863 6.39269406392694 28.7671232876712 6.39269406392694 12.3287671232877 17.8082191780822 7.76255707762557 0.91324200913242 0.45662100456621 8.67579908675799 6.39269406392694 2.73972602739726
"3007" 2.38095238095238 10.8843537414966 36.0544217687075 10.5442176870748 7.14285714285714 4.42176870748299 6.46258503401361 1.70068027210884 0 2.72108843537415 2.38095238095238 15.3061224489796
"3011" 3.48499515972895 5.42110358180058 19.3610842207164 9.53533397870281 19.7483059051307 13.0203291384318 3.33978702807357 0.629235237173282 0.242013552758954 4.59825750242014 2.03291384317522 18.5866408518877
"3012" 6.36363636363636 11.6363636363636 9.27272727272727 10.9090909090909 12 29.4545454545455 2.36363636363636 0.363636363636364 0 5.81818181818182 2.72727272727273 9.09090909090909
"3013" 1.66666666666667 6.66666666666667 33.3333333333333 3.33333333333333 26.6666666666667 10 3.33333333333333 1.66666666666667 0 1.66666666666667 5 6.66666666666667
"3014" 1.33928571428571 1.78571428571429 56.6964285714286 4.01785714285714 11.1607142857143 1.78571428571429 6.25 0.892857142857143 0 1.33928571428571 1.78571428571429 12.9464285714286
"3015" 0.961538461538462 16.3461538461538 11.5384615384615 5.76923076923077 16.3461538461538 13.4615384615385 4.80769230769231 0.961538461538462 0 3.84615384615385 8.65384615384615 17.3076923076923
"3018" 6.2992125984252 6.51395848246242 10.9520400858984 2.86327845382963 24.7673586256263 11.9541875447387 9.59198282032928 1.50322118826056 0.286327845382963 11.3815318539728 5.65497494631353 8.2319255547602
"3019" 3.37711069418387 11.8198874296435 32.6454033771107 0.938086303939963 17.4484052532833 6.19136960600375 8.44277673545966 0.938086303939963 0.562851782363977 5.44090056285178 9.75609756097561 2.4390243902439
"3020" 0.329815303430079 0.923482849604222 37.0052770448549 3.03430079155673 31.4643799472296 16.490765171504 1.51715039577836 0.263852242744063 0.131926121372032 1.38522427440633 3.49604221635884 3.95778364116095
"3021" 5.43951261966928 12.4891209747607 25.674499564839 5.57006092254134 4.56919060052219 6.57093124456049 5.61357702349869 1.91470844212359 0.478677110530896 16.4490861618799 8.18102697998259 7.04960835509138
"3022" 4.86725663716814 18.5840707964602 19.76401179941 2.50737463126844 11.0619469026549 13.4218289085546 6.63716814159292 0.737463126843658 0.442477876106195 7.81710914454277 9.14454277286136 5.01474926253687
"3023" 2.66821345707657 12.4129930394432 18.9095127610209 4.52436194895592 16.0092807424594 26.4501160092807 3.82830626450116 0.696055684454756 0 6.61252900232019 3.82830626450116 4.06032482598608
"3024" 3.60544217687075 8.43537414965986 33.9455782312925 1.42857142857143 16.1904761904762 6.53061224489796 9.38775510204082 1.22448979591837 0.340136054421769 7.75510204081633 8.09523809523809 3.06122448979592
"3026" 1.71428571428571 5.14285714285714 19.4285714285714 13.1428571428571 7.42857142857143 10.8571428571429 5.14285714285714 0.571428571428571 0.571428571428571 9.14285714285714 10.8571428571429 16
"3028" 6.20364126770061 16.4531355360755 7.48482805124747 5.32703978422117 9.97977073499663 21.7127444369521 6.60822656776804 1.61834120026972 0.944032366824005 11.5981119352664 10.5866486850978 1.48347943358058
"3029" 1.91082802547771 12.7388535031847 30.0832925036747 3.52768250857423 12.4938755512004 11.2689857912788 5.73248407643312 0.930916217540421 0.146986771190593 10.485056344929 8.47623713865752 2.20480156785889
"3031" 5.16483516483516 10.7692307692308 32.967032967033 0.989010989010989 20.5494505494505 10.6593406593407 5.93406593406593 1.75824175824176 0.43956043956044 5.38461538461539 3.62637362637363 1.75824175824176
"3032" 2.84697508896797 2.49110320284698 17.7935943060498 7.11743772241993 15.8956109134045 23.4875444839858 3.91459074733096 0.948991696322657 1.66073546856465 17.5563463819692 3.44009489916963 2.84697508896797
"3035" 1.28205128205128 16.025641025641 22.4358974358974 7.05128205128205 12.8205128205128 6.08974358974359 7.69230769230769 0.641025641025641 0.32051282051282 3.84615384615385 15.0641025641026 6.73076923076923
"3037" 0 2.22222222222222 12.4444444444444 0.888888888888889 23.1111111111111 40.8888888888889 2.22222222222222 2.22222222222222 0 11.1111111111111 3.55555555555556 1.33333333333333
"5001" 4.83870967741935 2.95698924731183 37.7240143369176 2.5089605734767 20.7885304659498 5.28673835125448 4.74910394265233 2.1505376344086 0.3584229390681 6.18279569892473 5.46594982078853 6.98924731182796
"5002" 3.83275261324042 16.0975609756098 20.1045296167247 6.41114982578397 10.5226480836237 17.7351916376307 5.36585365853659 0.905923344947735 0.0348432055749129 6.16724738675958 4.73867595818815 8.08362369337979
"5003" 5.01392757660167 7.79944289693593 37.7089136490251 6.05849582172702 15.7381615598886 4.14345403899721 2.57660167130919 4.17827298050139 0.243732590529248 5.50139275766017 6.82451253481894 4.21309192200557
"5004" 2.04081632653061 13.6054421768707 38.4353741496599 2.83446712018141 7.2562358276644 4.87528344671202 7.48299319727891 2.94784580498866 0.113378684807256 7.82312925170068 9.75056689342404 2.83446712018141
"5005" 4.03775563712638 11.1693759832197 14.7876245411641 8.7047718930257 11.1693759832197 24.7509176717357 3.09386470896696 1.20608285264814 0.471945464079706 6.81699003670687 5.50603041426324 8.28526481384373
"5008" 4.0737148399612 9.60232783705141 23.9573229873909 6.30455868089234 21.6294859359845 16.9738118331717 1.64888457807953 0.678952473326867 0.484966052376334 9.89330746847721 2.81280310378274 1.93986420950533
"5009" 0.167785234899329 0.587248322147651 31.0402684563758 1.34228187919463 18.6241610738255 10.1510067114094 4.69798657718121 2.18120805369128 0.503355704697987 23.9093959731544 1.92953020134228 4.86577181208054
"5010" 2.60955194485475 4.52978828163466 6.8931560807484 7.33628754308223 16.1004431314623 39.3894633185623 4.72673559822747 0.787789266371246 0.34465780403742 5.02215657311669 8.51797144263909 3.74199901526342
"5011" 1.50451354062187 12.6379137412237 20.3109327983952 7.32196589769308 9.52858575727181 19.358074222668 9.22768304914744 1.55466399197593 0.702106318956871 7.12136409227683 4.31293881644935 6.41925777331996
"5012" 7.98182998053212 4.60739779364049 23.8805970149254 4.73718364698248 24.9188838416613 8.76054510058404 3.56911096690461 0.259571706683971 0.389357560025957 6.55418559377028 7.2680077871512 7.07332900713822
"5013" 2.47093023255814 10.3197674418605 39.9709302325581 1.16279069767442 25.7267441860465 5.81395348837209 4.50581395348837 0.290697674418605 0.290697674418605 1.74418604651163 1.59883720930233 6.1046511627907
"5015" 4.45859872611465 14.0127388535032 18.1528662420382 4.14012738853503 8.9171974522293 8.28025477707006 11.1464968152866 1.59235668789809 0.636942675159236 13.6942675159236 9.55414012738854 5.4140127388535
"5016" 13.285600636436 23.7867939538584 19.4112967382657 7.55767700875099 5.96658711217184 4.61416070007955 5.17104216388226 0.397772474144789 0.238663484486874 3.89817024661893 2.38663484486873 13.285600636436
"5017" 3.40050377833753 9.19395465994962 15.8690176322418 3.5264483627204 21.2846347607053 32.7455919395466 4.15617128463476 0.503778337531486 0.125944584382872 4.15617128463476 3.90428211586902 1.13350125944584
"5018" 4.73537604456824 6.12813370473538 32.5905292479109 1.39275766016713 22.5626740947075 4.73537604456824 14.7632311977716 0.835654596100279 0 4.45682451253482 4.17827298050139 3.62116991643454
"5019" 0.705882352941177 4 10.5882352941176 9.41176470588235 16.9411764705882 21.6470588235294 2.11764705882353 2.82352941176471 0.235294117647059 20.9411764705882 5.41176470588235 5.17647058823529
"5020" 3.3099297893681 5.01504513540622 8.2246740220662 5.21564694082247 9.52858575727181 7.72316950852558 5.21564694082247 4.1123370110331 1.90571715145436 34.1023069207623 4.01203610832497 11.6349047141424
"5021" 0.597609561752988 10.5577689243028 16.1354581673307 2.58964143426295 9.36254980079681 20.5179282868526 15.5378486055777 2.78884462151394 0.597609561752988 9.9601593625498 9.16334661354582 2.19123505976096
"5022" 7.85714285714286 12.2619047619048 15.4761904761905 6.48809523809524 9.04761904761905 19.8809523809524 6.96428571428571 0.595238095238095 0.0595238095238095 8.80952380952381 8.15476190476191 4.40476190476191
"5024" 2.05859065716548 12.0348376880443 23.9113222486144 2.69200316706255 13.8558986539984 15.360253365004 6.96753760886778 1.34600158353127 0 4.75059382422803 11.5597783056215 5.46318289786223
"5026" 4 14 14 2 12 8 4 0 2 34 2 4
"5027" 3.05498981670061 13.3401221995927 5.4989816700611 11.2016293279022 2.13849287169043 20.5702647657841 5.29531568228106 1.52749490835031 0.407331975560081 25.3564154786151 5.29531568228106 6.31364562118126
"5028" 10.3247293921732 24.3130724396336 7.41049125728559 8.65945045795171 7.32722731057452 24.3130724396336 2.16486261448793 0.333055786844296 0 3.41382181515404 6.744379683597 4.99583680266445
"5029" 3.29317269076305 2.48995983935743 24.4176706827309 6.26506024096386 27.8714859437751 18.3132530120482 4.65863453815261 0.642570281124498 0.0803212851405622 5.78313253012048 1.76706827309237 4.41767068273092
"5030" 4.71596998928189 16.4523043944266 24.7052518756699 4.55519828510182 8.52090032154341 12.8617363344051 5.51982851018221 2.30439442658092 0.214362272240086 6.10932475884244 7.71704180064309 6.32368703108253
"5031" 4.10958904109589 9.03094875697615 25.1141552511416 2.181633688483 16.2861491628615 6.44342973110096 13.5464231354642 2.73972602739726 0.15220700152207 3.45002536783359 11.6184677828513 5.32724505327245
"5032" 5.71151984511133 8.03484995159729 9.09970958373669 7.84123910939013 17.7637947725073 36.350435624395 2.6621490803485 0.726040658276863 0.0484027105517909 4.21103581800581 3.82381413359148 3.7270087124879
"5033" 2.99313052011776 13.2482826300294 21.2953876349362 2.45338567222767 14.4259077526987 8.29244357212954 5.88812561334642 1.07948969578018 0.441609421000981 13.1010794896958 6.18253189401374 10.5986261040236
"5034" 4.74961280330408 23.3866804336603 12.1837893649974 3.87196695921528 9.08621579762519 15.6427465152297 12.4419204956118 1.60041300980898 0.154878678368611 0.722767165720186 6.65978316985028 9.49922560660816
"5036" 2.33372228704784 9.10151691948658 16.2193698949825 13.6522753792299 7.58459743290549 14.3523920653442 4.55075845974329 2.10035005834306 0.933488914819136 12.9521586931155 7.58459743290549 8.63477246207701
"5037" 4.23418714061683 8.52064819654992 23.575535807632 2.5614218504966 17.9822268687925 24.4641923680084 1.20230005227392 1.35912179822269 0.104547830632514 5.01829587036069 8.25927861996863 2.71824359644537
"5038" 2.92993630573248 0.764331210191083 30.5095541401274 5.15923566878981 18.7261146496815 15.4140127388535 2.10191082802548 0.955414012738854 0.764331210191083 16.1783439490446 3.31210191082803 3.18471337579618
"1101" NA NA NA NA NA NA NA NA NA NA NA NA
"1102" NA NA NA NA NA NA NA NA NA NA NA NA
"1104" NA NA NA NA NA NA NA NA NA NA NA NA
"1105" NA NA NA NA NA NA NA NA NA NA NA NA
"1106" NA NA NA NA NA NA NA NA NA NA NA NA
"1110" NA NA NA NA NA NA NA NA NA NA NA NA
"1111" NA NA NA NA NA NA NA NA NA NA NA NA
"1114" NA NA NA NA NA NA NA NA NA NA NA NA
"1115" NA NA NA NA NA NA NA NA NA NA NA NA
"1116" NA NA NA NA NA NA NA NA NA NA NA NA
"1118" NA NA NA NA NA NA NA NA NA NA NA NA
"1119" NA NA NA NA NA NA NA NA NA NA NA NA
"1120" NA NA NA NA NA NA NA NA NA NA NA NA
"1122" NA NA NA NA NA NA NA NA NA NA NA NA
"1123" NA NA NA NA NA NA NA NA NA NA NA NA
"1125" NA NA NA NA NA NA NA NA NA NA NA NA
"1127" NA NA NA NA NA NA NA NA NA NA NA NA
"1128" NA NA NA NA NA NA NA NA NA NA NA NA
"1129" NA NA NA NA NA NA NA NA NA NA NA NA
"1130" NA NA NA NA NA NA NA NA NA NA NA NA
"1131" NA NA NA NA NA NA NA NA NA NA NA NA
"1133" NA NA NA NA NA NA NA NA NA NA NA NA
"1142" NA NA NA NA NA NA NA NA NA NA NA NA
"1143" NA NA NA NA NA NA NA NA NA NA NA NA
"1146" NA NA NA NA NA NA NA NA NA NA NA NA
"1150" NA NA NA NA NA NA NA NA NA NA NA NA
"1152" NA NA NA NA NA NA NA NA NA NA NA NA
"1153" NA NA NA NA NA NA NA NA NA NA NA NA
"1154" NA NA NA NA NA NA NA NA NA NA NA NA
"1156" NA NA NA NA NA NA NA NA NA NA NA NA
"1160" NA NA NA NA NA NA NA NA NA NA NA NA
"1162" NA NA NA NA NA NA NA NA NA NA NA NA
"1163" NA NA NA NA NA NA NA NA NA NA NA NA
"1164" NA NA NA NA NA NA NA NA NA NA NA NA
"1166" NA NA NA NA NA NA NA NA NA NA NA NA
"1168" NA NA NA NA NA NA NA NA NA NA NA NA
"1169" NA NA NA NA NA NA NA NA NA NA NA NA
"1170" NA NA NA NA NA NA NA NA NA NA NA NA
"1171" NA NA NA NA NA NA NA NA NA NA NA NA
"1173" NA NA NA NA NA NA NA NA NA NA NA NA
"1174" NA NA NA NA NA NA NA NA NA NA NA NA
"1178" NA NA NA NA NA NA NA NA NA NA NA NA
"1179" NA NA NA NA NA NA NA NA NA NA NA NA
"2101" NA NA NA NA NA NA NA NA NA NA NA NA
"2102" NA NA NA NA NA NA NA NA NA NA NA NA
"2103" NA NA NA NA NA NA NA NA NA NA NA NA
"2104" NA NA NA NA NA NA NA NA NA NA NA NA
"2105" NA NA NA NA NA NA NA NA NA NA NA NA
"2106" NA NA NA NA NA NA NA NA NA NA NA NA
"2109" NA NA NA NA NA NA NA NA NA NA NA NA
"2115" NA NA NA NA NA NA NA NA NA NA NA NA
"2117" NA NA NA NA NA NA NA NA NA NA NA NA
"2118" NA NA NA NA NA NA NA NA NA NA NA NA
"2120" NA NA NA NA NA NA NA NA NA NA NA NA
"2121" NA NA NA NA NA NA NA NA NA NA NA NA
"2122" NA NA NA NA NA NA NA NA NA NA NA NA
"2123" NA NA NA NA NA NA NA NA NA NA NA NA
"2124" NA NA NA NA NA NA NA NA NA NA NA NA
"3001" NA NA NA NA NA NA NA NA NA NA NA NA
"3002" NA NA NA NA NA NA NA NA NA NA NA NA
"3003" NA NA NA NA NA NA NA NA NA NA NA NA
"3004" NA NA NA NA NA NA NA NA NA NA NA NA
"3005" NA NA NA NA NA NA NA NA NA NA NA NA
"3006" NA NA NA NA NA NA NA NA NA NA NA NA
"3008" NA NA NA NA NA NA NA NA NA NA NA NA
"3009" NA NA NA NA NA NA NA NA NA NA NA NA
"3010" NA NA NA NA NA NA NA NA NA NA NA NA
"3016" NA NA NA NA NA NA NA NA NA NA NA NA
"3017" NA NA NA NA NA NA NA NA NA NA NA NA
"3025" NA NA NA NA NA NA NA NA NA NA NA NA
"3027" NA NA NA NA NA NA NA NA NA NA NA NA
"3030" NA NA NA NA NA NA NA NA NA NA NA NA
"3033" NA NA NA NA NA NA NA NA NA NA NA NA
"3034" NA NA NA NA NA NA NA NA NA NA NA NA
"3039" NA NA NA NA NA NA NA NA NA NA NA NA
"5006" NA NA NA NA NA NA NA NA NA NA NA NA
"5007" NA NA NA NA NA NA NA NA NA NA NA NA
"5014" NA NA NA NA NA NA NA NA NA NA NA NA
"5023" NA NA NA NA NA NA NA NA NA NA NA NA
"5035" NA NA NA NA NA NA NA NA NA NA NA NA
"6001" NA NA NA NA NA NA NA NA NA NA NA NA
