"Cycling Vascular" "VSMC 2" "VSMC 1" "Arterial EC" "Pericyte" "Venous EC" "Capillary EC"
"1103" 0 1.69491525423729 3.95480225988701 3.38983050847458 15.2542372881356 23.728813559322 51.9774011299435
"1107" 0.367647058823529 0 2.02205882352941 7.35294117647059 13.6029411764706 6.43382352941176 70.2205882352941
"1108" 1.65289256198347 4.13223140495868 6.61157024793388 2.47933884297521 7.43801652892562 19.8347107438017 57.8512396694215
"1109" 0 0 0 10.6382978723404 12.7659574468085 0 76.5957446808511
"1112" 0 2.32558139534884 0 2.32558139534884 20.9302325581395 0 74.4186046511628
"1113" 0 0 0 7.69230769230769 38.4615384615385 0 53.8461538461538
"1117" 0 0 0 0 0 4.76190476190476 95.2380952380952
"1126" 0 1.20481927710843 2.40963855421687 3.6144578313253 18.0722891566265 12.0481927710843 62.6506024096386
"1132" 0 0 0 16.6666666666667 16.6666666666667 0 66.6666666666667
"1135" 0 0 0 2.38095238095238 3.57142857142857 3.57142857142857 90.4761904761905
"1136" 0.917431192660551 0.458715596330275 0.458715596330275 1.8348623853211 8.25688073394496 0.458715596330275 87.6146788990826
"1137" 0 0 0 0 0 0 100
"1138" 0 1.0126582278481 3.0379746835443 7.34177215189873 13.1645569620253 6.32911392405063 69.1139240506329
"1139" 1.17647058823529 0 1.17647058823529 3.52941176470588 7.05882352941176 5.88235294117647 81.1764705882353
"1141" 0 0 0 11.1111111111111 0 38.8888888888889 50
"1147" 0.329877474081056 2.9688972667295 8.15268614514609 5.98491988689915 10.320452403393 24.4109330819981 47.8322337417531
"1149" 0 0 4.65116279069767 4.65116279069767 6.97674418604651 2.32558139534884 81.3953488372093
"1151" 0.175254118471784 7.88643533123028 13.1791097090782 6.09884332281809 8.27199439186821 29.863301787592 34.5250613389415
"1155" 0.282485875706215 3.15442561205273 9.69868173258004 8.9924670433145 10.4519774011299 17.3258003766478 50.0941619585687
"1157" 0.136798905608755 3.83036935704514 7.11354309165527 4.92476060191518 23.2558139534884 17.0998632010944 43.6388508891929
"1158" 0.594530321046373 0.237812128418549 2.73483947681332 4.39952437574316 8.32342449464923 21.2841854934602 62.4256837098692
"1159" 0 2.33676975945017 5.63573883161512 5.2233676975945 11.2027491408935 20.4123711340206 55.1890034364261
"1161" 0.0745712155108128 2.01342281879195 4.32513049962714 4.99627143922446 15.3616703952274 17.7479492915735 55.4809843400447
"1165" 0 0.8 0.8 8 11.2 0.8 78.4
"1167" 0 0.306435137895812 3.57507660878447 4.29009193054137 19.4075587334014 2.55362614913177 69.8672114402451
"1172" 0 1 4 10 6 10 69
"1175" 0.131233595800525 0.656167979002625 2.0997375328084 6.8241469816273 8.26771653543307 6.69291338582677 75.3280839895013
"1176" 0.203665987780041 0.407331975560081 2.74949083503055 6.92464358452139 9.06313645621181 6.92464358452139 73.7270875763748
"1180" 0.224215246636771 0.448430493273543 2.91479820627803 7.39910313901345 4.7085201793722 8.52017937219731 75.7847533632287
"1181" 0.0772200772200772 1.51866151866152 5.3024453024453 7.46460746460746 13.2046332046332 9.85842985842986 62.5740025740026
"1182" 0 0 0 5 25 5 65
"2107" 0.123076923076923 4.12307692307692 5.35384615384615 5.41538461538462 12.8615384615385 12.4923076923077 59.6307692307692
"2108" 0.0604777744179014 1.84457211974599 5.95706078016329 5.23132748714847 10.0695494405806 21.5300876927729 55.3069247051708
"2110" 0 0 5.33333333333333 4 30.6666666666667 9.33333333333333 50.6666666666667
"2111" 0.410172272354389 1.55865463494668 2.13289581624282 5.74241181296144 8.69565217391304 8.94175553732568 72.518457752256
"2112" 0.233644859813084 0.817757009345794 2.80373831775701 6.42523364485981 23.714953271028 19.6261682242991 46.3785046728972
"2113" 0.429184549356223 0.214592274678112 8.15450643776824 9.87124463519313 11.1587982832618 5.79399141630901 64.3776824034335
"2114" 0.293255131964809 2.44379276637341 4.10557184750733 3.12805474095797 13.1964809384164 15.5425219941349 61.2903225806452
"2116" 0 1.71821305841924 1.3745704467354 4.81099656357388 17.1821305841924 5.84192439862543 69.0721649484536
"3007" 0 0 0 100 0 0 0
"3011" 0 0 12.5 12.5 25 50 0
"3012" 1.66666666666667 0 0 5 10 3.33333333333333 80
"3014" 0 0 0 11.7647058823529 5.88235294117647 0 82.3529411764706
"3015" 0 0 0 2.94117647058824 26.4705882352941 23.5294117647059 47.0588235294118
"3018" 0.247524752475248 7.7970297029703 4.57920792079208 2.72277227722772 7.05445544554455 51.7326732673267 25.8663366336634
"3019" 2.03488372093023 1.74418604651163 6.3953488372093 4.65116279069767 9.88372093023256 19.4767441860465 55.8139534883721
"3020" 0.106894708711919 3.36718332442544 7.53607696419027 7.1084981293426 7.58952431854623 17.9048637092464 56.3869588455372
"3021" 0.591327201051248 0.985545335085414 4.66491458607096 4.40210249671485 17.8712220762155 14.4546649145861 57.030223390276
"3022" 2.05245153933865 2.10946408209806 4.16191562143672 5.24515393386545 16.1345496009122 13.169897377423 57.1265678449259
"3023" 0.28735632183908 2.01149425287356 4.59770114942529 5.74712643678161 5.45977011494253 13.5057471264368 68.3908045977011
"3024" 0 0.813008130081301 5.14905149051491 5.96205962059621 8.67208672086721 10.0271002710027 69.3766937669377
"3026" 5.71428571428571 0.952380952380952 4.76190476190476 1.9047619047619 12.3809523809524 3.80952380952381 70.4761904761905
"3028" 0 2.75958840037418 4.30308699719364 5.33208606173994 6.68849391955098 16.2301216089804 64.6866230121609
"3029" 0.465983224603914 2.14352283317801 4.00745573159366 4.47343895619758 12.4883504193849 32.3392357875116 44.0820130475303
"3031" 0.628930817610063 0 1.67714884696017 2.93501048218029 14.2557651991614 4.40251572327044 76.1006289308176
"3032" 0 0.737100737100737 1.71990171990172 6.51105651105651 6.63390663390663 27.3955773955774 57.002457002457
"3035" 0 2.61780104712042 8.20244328097731 6.63176265270506 16.5794066317627 10.4712041884817 55.4973821989529
"3037" 0 0 0 0 0 25 75
"1101" NA NA NA NA NA NA NA
"1102" NA NA NA NA NA NA NA
"1104" NA NA NA NA NA NA NA
"1105" NA NA NA NA NA NA NA
"1106" NA NA NA NA NA NA NA
"1110" NA NA NA NA NA NA NA
"1111" NA NA NA NA NA NA NA
"1114" NA NA NA NA NA NA NA
"1115" NA NA NA NA NA NA NA
"1116" NA NA NA NA NA NA NA
"1118" NA NA NA NA NA NA NA
"1119" NA NA NA NA NA NA NA
"1120" NA NA NA NA NA NA NA
"1122" NA NA NA NA NA NA NA
"1123" NA NA NA NA NA NA NA
"1125" NA NA NA NA NA NA NA
"1127" NA NA NA NA NA NA NA
"1128" NA NA NA NA NA NA NA
"1129" NA NA NA NA NA NA NA
"1130" NA NA NA NA NA NA NA
"1131" NA NA NA NA NA NA NA
"1133" NA NA NA NA NA NA NA
"1142" NA NA NA NA NA NA NA
"1143" NA NA NA NA NA NA NA
"1146" NA NA NA NA NA NA NA
"1150" NA NA NA NA NA NA NA
"1152" NA NA NA NA NA NA NA
"1153" NA NA NA NA NA NA NA
"1154" NA NA NA NA NA NA NA
"1156" NA NA NA NA NA NA NA
"1160" NA NA NA NA NA NA NA
"1162" NA NA NA NA NA NA NA
"1163" NA NA NA NA NA NA NA
"1164" NA NA NA NA NA NA NA
"1166" NA NA NA NA NA NA NA
"1168" NA NA NA NA NA NA NA
"1169" NA NA NA NA NA NA NA
"1170" NA NA NA NA NA NA NA
"1171" NA NA NA NA NA NA NA
"1173" NA NA NA NA NA NA NA
"1174" NA NA NA NA NA NA NA
"1178" NA NA NA NA NA NA NA
"1179" NA NA NA NA NA NA NA
"2101" NA NA NA NA NA NA NA
"2102" NA NA NA NA NA NA NA
"2103" NA NA NA NA NA NA NA
"2104" NA NA NA NA NA NA NA
"2105" NA NA NA NA NA NA NA
"2106" NA NA NA NA NA NA NA
"2109" NA NA NA NA NA NA NA
"2115" NA NA NA NA NA NA NA
"2117" NA NA NA NA NA NA NA
"2118" NA NA NA NA NA NA NA
"2120" NA NA NA NA NA NA NA
"2121" NA NA NA NA NA NA NA
"2122" NA NA NA NA NA NA NA
"2123" NA NA NA NA NA NA NA
"2124" NA NA NA NA NA NA NA
"3001" NA NA NA NA NA NA NA
"3002" NA NA NA NA NA NA NA
"3003" NA NA NA NA NA NA NA
"3004" NA NA NA NA NA NA NA
"3005" NA NA NA NA NA NA NA
"3006" NA NA NA NA NA NA NA
"3008" NA NA NA NA NA NA NA
"3009" NA NA NA NA NA NA NA
"3010" NA NA NA NA NA NA NA
"3013" NA NA NA NA NA NA NA
"3016" NA NA NA NA NA NA NA
"3017" NA NA NA NA NA NA NA
"3025" NA NA NA NA NA NA NA
"3027" NA NA NA NA NA NA NA
"3030" NA NA NA NA NA NA NA
"3033" NA NA NA NA NA NA NA
"3034" NA NA NA NA NA NA NA
"3039" NA NA NA NA NA NA NA
