"Intermediate Capillary EC" "Capillary EC" "Ven-Cap EC" "Venous EC" "Venous EndoMT-like" "Cycling Vascular Cells" "Arterial EndoMT-like" "Capillary EndoMT-like" "Pericyte" "VSMC" "Arterial EC"
"1103" 14.207650273224 33.879781420765 6.01092896174863 17.4863387978142 1.63934426229508 0 0.546448087431694 1.09289617486339 15.3005464480874 6.55737704918033 3.27868852459016
"1107" 31.3888888888889 20.4166666666667 1.80555555555556 4.02777777777778 1.11111111111111 0.416666666666667 3.19444444444444 16.9444444444444 10.6944444444444 2.77777777777778 7.22222222222222
"1108" 16.6666666666667 28 2.66666666666667 15.3333333333333 4.66666666666667 1.33333333333333 2.66666666666667 6 5.33333333333333 13.3333333333333 4
"1109" 22.0338983050847 40.6779661016949 0 0 0 0 3.38983050847458 15.2542372881356 10.1694915254237 0 8.47457627118644
"1112" 41.6666666666667 8.33333333333333 0 0 0 0 6.66666666666667 21.6666666666667 15 1.66666666666667 5
"1113" 35 5 0 0 0 0 5 30 25 0 0
"1117" 66.6666666666667 14.2857142857143 9.52380952380952 4.76190476190476 0 0 0 0 0 4.76190476190476 0
"1126" 26.6666666666667 20.952380952381 2.85714285714286 7.61904761904762 1.9047619047619 0 0.952380952380952 19.047619047619 12.3809523809524 4.76190476190476 2.85714285714286
"1132" 33.3333333333333 16.6666666666667 0 0 0 0 16.6666666666667 0 16.6666666666667 0 16.6666666666667
"1135" 63.7362637362637 19.7802197802198 0 3.2967032967033 0 0 1.0989010989011 6.59340659340659 3.2967032967033 0 2.1978021978022
"1136" 36.7697594501718 26.4604810996564 0.343642611683849 0.687285223367698 0.687285223367698 0.687285223367698 1.71821305841924 19.9312714776632 6.87285223367698 1.03092783505155 4.81099656357388
"1137" 57.1428571428571 28.5714285714286 0 0 0 0 7.14285714285714 7.14285714285714 0 0 0
"1138" 21.3836477987421 31.0272536687631 2.72536687631027 4.61215932914046 1.46750524109015 0 2.30607966457023 12.7882599580713 11.7400419287212 3.9832285115304 7.9664570230608
"1139" 36.8421052631579 21.9298245614035 0.87719298245614 4.3859649122807 0.87719298245614 0.87719298245614 2.63157894736842 18.4210526315789 6.14035087719298 3.50877192982456 3.50877192982456
"1141" 32.1428571428571 7.14285714285714 3.57142857142857 25 0 0 0 25 0 0 7.14285714285714
"1147" 14.9571055576278 22.0067139127191 2.94666169339799 17.1204774337934 2.38716896680343 0.261096605744125 2.64826557254756 13.7262215591197 7.79559865721746 10.1081685938083 6.04252144722119
"1149" 44.2307692307692 23.0769230769231 0 1.92307692307692 0 0 1.92307692307692 11.5384615384615 5.76923076923077 5.76923076923077 5.76923076923077
"1151" 4.98922081921774 23.8989836772405 5.02001847859563 21.3427779488759 1.57068062827225 0.153988296889436 1.29350169387127 4.77363720357253 6.89867570064675 23.4678164459501 6.59069910686788
"1155" 15.9135559921415 23.7328094302554 3.49705304518664 11.4734774066798 1.17878192534381 0.31434184675835 3.26129666011788 9.54813359528487 8.68369351669941 12.6915520628684 9.70530451866405
"1157" 13.4653465346535 17.2277227722772 4.35643564356436 8.41584158415842 1.68316831683168 0.099009900990099 3.26732673267327 19.009900990099 17.3267326732673 10.6930693069307 4.45544554455445
"1158" 18.2166826462128 28.5714285714286 5.94439117929051 12.176414189837 2.68456375838926 0.383509108341323 2.20517737296261 13.902205177373 6.32790028763183 3.16395014381592 6.42377756471716
"1159" 14.0771637122002 26.4337851929093 5.57872784150156 12.043795620438 2.65901981230448 0 3.38894681960375 15.5370177267987 8.44629822732012 7.09071949947862 4.74452554744525
"1161" 11.8797709923664 23.2347328244275 3.19656488549618 8.87404580152672 3.05343511450382 0.0954198473282443 4.05534351145038 24.4751908396947 9.06488549618321 7.91984732824427 4.15076335877863
"1165" 33.1034482758621 27.5862068965517 1.37931034482759 0.689655172413793 0 0 0 8.96551724137931 9.6551724137931 4.82758620689655 13.7931034482759
"1167" 26.7025089605735 13.2616487455197 0.41816009557945 1.194743130227 0.2389486260454 0.0597371565113501 6.57108721624851 34.8267622461171 10.4540023894863 2.56869772998805 3.7037037037037
"1172" 30.5936073059361 27.3972602739726 4.10958904109589 7.76255707762557 1.36986301369863 0 1.36986301369863 5.93607305936073 5.47945205479452 5.93607305936073 10.0456621004566
"1175" 25.2032520325203 28.8617886178862 2.94715447154472 4.57317073170732 1.6260162601626 0.101626016260163 4.0650406504065 16.1585365853659 6.19918699186992 3.04878048780488 7.21544715447155
"1176" 26.8884268884269 23.8392238392238 0.97020097020097 4.36590436590437 1.87110187110187 0.207900207900208 7.48440748440748 19.6812196812197 5.89050589050589 3.25710325710326 5.54400554400554
"1180" 29.7752808988764 29.9625468164794 3.18352059925094 5.43071161048689 2.24719101123596 0.187265917602996 4.68164794007491 9.36329588014981 3.74531835205993 3.37078651685393 8.05243445692884
"1181" 21.7800131204898 28.8650776295648 1.96807347474306 6.8007872293899 0.809096872949923 0.0874699322108025 2.95211021211459 10.0153072381369 10.9993439755084 7.30373933960201 8.41898097528974
"1182" 48 12 0 0 0 0 0 8 20 8 4
"2107" 8.74207540874207 25.9592926259593 2.96963630296964 5.50550550550551 4.7047047047047 0.0667334000667334 3.73707040373707 28.7954621287955 5.07173840507174 8.90890890890891 5.53887220553887
"2108" 12.2842870118074 28.5649409627611 5.54041780199818 11.4214350590372 1.97547683923706 0.0681198910081744 3.26975476839237 16.9845594913715 7.28882833787466 7.60672116257947 4.99545867393279
"2110" 16.793893129771 13.7404580152672 1.52671755725191 3.81679389312977 0 0 1.52671755725191 36.6412213740458 20.6106870229008 3.05343511450382 2.29007633587786
"2111" 27.765237020316 21.27539503386 1.69300225733634 4.96613995485327 2.42663656884876 0.225733634311512 3.55530474040632 21.0496613995485 5.47404063205418 5.07900677200903 6.48984198645598
"2112" 17.1183079973562 11.0376734963648 3.96563119629874 9.78189028420357 3.50297422339722 0.264375413086583 5.15532055518837 27.9576999339061 9.71579643093192 6.14672835426305 5.3536021150033
"2113" 28.1034482758621 20.3448275862069 1.20689655172414 3.79310344827586 1.72413793103448 0.517241379310345 6.72413793103448 10.5172413793103 8.62068965517241 7.75862068965517 10.6896551724138
"2114" 27.765726681128 19.0889370932755 1.95227765726681 11.352133044107 4.77223427331887 0.289226319595083 2.02458423716558 14.6059291395517 7.88141720896602 6.86912509038323 3.39840925524223
"2116" 20.2602230483271 17.1003717472119 0.557620817843866 2.60223048327138 1.11524163568773 0 6.31970260223048 31.0408921933086 10.4089219330855 5.94795539033457 4.64684014869888
"3007" 0 0 0 0 50 0 0 0 0 0 50
"3011" 0 0 0 36.3636363636364 18.1818181818182 0 9.09090909090909 0 18.1818181818182 9.09090909090909 9.09090909090909
"3012" 53.125 18.75 0 3.125 0 1.5625 4.6875 3.125 9.375 0 6.25
"3014" 57.8947368421053 10.5263157894737 0 0 0 0 0 15.7894736842105 0 0 15.7894736842105
"3015" 12.2448979591837 18.3673469387755 4.08163265306122 8.16326530612245 2.04081632653061 0 10.2040816326531 14.2857142857143 18.3673469387755 4.08163265306122 8.16326530612245
"3018" 7.75280898876405 15.0561797752809 9.21348314606742 40 1.91011235955056 0 0.112359550561798 3.70786516853933 6.17977528089888 12.9213483146067 3.14606741573034
"3019" 18.140589569161 23.5827664399093 3.85487528344671 13.3786848072562 2.26757369614512 2.72108843537415 3.40136054421769 9.75056689342404 7.02947845804989 9.52380952380952 6.34920634920635
"3020" 17.0752688172043 26.1075268817204 3.44086021505376 11.6559139784946 2.19354838709677 0.0860215053763441 2.53763440860215 12.1720430107527 6.10752688172043 10.6236559139785 8
"3021" 15.025641025641 28.1025641025641 2.35897435897436 9.28205128205128 1.28205128205128 0.512820512820513 1.74358974358974 18.7179487179487 13.025641025641 5.12820512820513 4.82051282051282
"3022" 16.5909884736291 17.778553964373 2.44498777506112 6.9856793573175 3.70241005937827 1.18756549074397 4.4708347886832 24.6943765281174 10.0943066713238 6.95075096053091 5.09954593084177
"3023" 21.654501216545 33.5766423357664 2.67639902676399 9.24574209245742 1.70316301703163 0.24330900243309 2.91970802919708 10.2189781021898 4.37956204379562 6.08272506082725 7.2992700729927
"3024" 32.1917808219178 24.6575342465753 1.14155251141552 7.53424657534247 2.05479452054794 0 3.19634703196347 8.67579908675799 6.84931506849315 6.16438356164384 7.53424657534247
"3026" 24.1935483870968 33.8709677419355 0.806451612903226 3.2258064516129 1.61290322580645 4.83870967741935 2.41935483870968 10.4838709677419 10.4838709677419 4.83870967741935 3.2258064516129
"3028" 22.96 30.48 3.44 11.48 1.72 0 2.48 8.28 5.04 8 6.12
"3029" 11.9453924914676 19.3174061433447 4.43686006825939 19.5904436860068 2.18430034129693 0.341296928327645 3.68600682593857 16.518771331058 8.32764505119454 9.55631399317406 4.09556313993174
"3031" 18.2266009852217 25.9852216748768 0.61576354679803 2.33990147783251 0.985221674876847 0.61576354679803 3.69458128078818 33.128078817734 6.89655172413793 3.57142857142857 3.94088669950739
"3032" 16.6396103896104 20.0487012987013 5.43831168831169 13.961038961039 5.43831168831169 0 4.05844155844156 21.3474025974026 3.57142857142857 3.08441558441558 6.41233766233766
"3035" 12.9426129426129 25.1526251526252 0.854700854700855 6.47130647130647 1.70940170940171 0 3.78510378510378 20.6349206349206 11.8437118437118 10.6227106227106 5.98290598290598
"3037" 16.6666666666667 16.6666666666667 0 16.6666666666667 0 0 0 33.3333333333333 0 0 16.6666666666667
"1101" NA NA NA NA NA NA NA NA NA NA NA
"1102" NA NA NA NA NA NA NA NA NA NA NA
"1104" NA NA NA NA NA NA NA NA NA NA NA
"1105" NA NA NA NA NA NA NA NA NA NA NA
"1106" NA NA NA NA NA NA NA NA NA NA NA
"1110" NA NA NA NA NA NA NA NA NA NA NA
"1111" NA NA NA NA NA NA NA NA NA NA NA
"1114" NA NA NA NA NA NA NA NA NA NA NA
"1115" NA NA NA NA NA NA NA NA NA NA NA
"1116" NA NA NA NA NA NA NA NA NA NA NA
"1118" NA NA NA NA NA NA NA NA NA NA NA
"1119" NA NA NA NA NA NA NA NA NA NA NA
"1120" NA NA NA NA NA NA NA NA NA NA NA
"1122" NA NA NA NA NA NA NA NA NA NA NA
"1123" NA NA NA NA NA NA NA NA NA NA NA
"1125" NA NA NA NA NA NA NA NA NA NA NA
"1127" NA NA NA NA NA NA NA NA NA NA NA
"1128" NA NA NA NA NA NA NA NA NA NA NA
"1129" NA NA NA NA NA NA NA NA NA NA NA
"1130" NA NA NA NA NA NA NA NA NA NA NA
"1131" NA NA NA NA NA NA NA NA NA NA NA
"1133" NA NA NA NA NA NA NA NA NA NA NA
"1142" NA NA NA NA NA NA NA NA NA NA NA
"1143" NA NA NA NA NA NA NA NA NA NA NA
"1146" NA NA NA NA NA NA NA NA NA NA NA
"1150" NA NA NA NA NA NA NA NA NA NA NA
"1152" NA NA NA NA NA NA NA NA NA NA NA
"1153" NA NA NA NA NA NA NA NA NA NA NA
"1154" NA NA NA NA NA NA NA NA NA NA NA
"1156" NA NA NA NA NA NA NA NA NA NA NA
"1160" NA NA NA NA NA NA NA NA NA NA NA
"1162" NA NA NA NA NA NA NA NA NA NA NA
"1163" NA NA NA NA NA NA NA NA NA NA NA
"1164" NA NA NA NA NA NA NA NA NA NA NA
"1166" NA NA NA NA NA NA NA NA NA NA NA
"1168" NA NA NA NA NA NA NA NA NA NA NA
"1169" NA NA NA NA NA NA NA NA NA NA NA
"1170" NA NA NA NA NA NA NA NA NA NA NA
"1171" NA NA NA NA NA NA NA NA NA NA NA
"1173" NA NA NA NA NA NA NA NA NA NA NA
"1174" NA NA NA NA NA NA NA NA NA NA NA
"1178" NA NA NA NA NA NA NA NA NA NA NA
"1179" NA NA NA NA NA NA NA NA NA NA NA
"2101" NA NA NA NA NA NA NA NA NA NA NA
"2102" NA NA NA NA NA NA NA NA NA NA NA
"2103" NA NA NA NA NA NA NA NA NA NA NA
"2104" NA NA NA NA NA NA NA NA NA NA NA
"2105" NA NA NA NA NA NA NA NA NA NA NA
"2106" NA NA NA NA NA NA NA NA NA NA NA
"2109" NA NA NA NA NA NA NA NA NA NA NA
"2115" NA NA NA NA NA NA NA NA NA NA NA
"2117" NA NA NA NA NA NA NA NA NA NA NA
"2118" NA NA NA NA NA NA NA NA NA NA NA
"2120" NA NA NA NA NA NA NA NA NA NA NA
"2121" NA NA NA NA NA NA NA NA NA NA NA
"2122" NA NA NA NA NA NA NA NA NA NA NA
"2123" NA NA NA NA NA NA NA NA NA NA NA
"2124" NA NA NA NA NA NA NA NA NA NA NA
"3001" NA NA NA NA NA NA NA NA NA NA NA
"3002" NA NA NA NA NA NA NA NA NA NA NA
"3003" NA NA NA NA NA NA NA NA NA NA NA
"3004" NA NA NA NA NA NA NA NA NA NA NA
"3005" NA NA NA NA NA NA NA NA NA NA NA
"3006" NA NA NA NA NA NA NA NA NA NA NA
"3008" NA NA NA NA NA NA NA NA NA NA NA
"3009" NA NA NA NA NA NA NA NA NA NA NA
"3010" NA NA NA NA NA NA NA NA NA NA NA
"3013" NA NA NA NA NA NA NA NA NA NA NA
"3016" NA NA NA NA NA NA NA NA NA NA NA
"3017" NA NA NA NA NA NA NA NA NA NA NA
"3025" NA NA NA NA NA NA NA NA NA NA NA
"3027" NA NA NA NA NA NA NA NA NA NA NA
"3030" NA NA NA NA NA NA NA NA NA NA NA
"3033" NA NA NA NA NA NA NA NA NA NA NA
"3034" NA NA NA NA NA NA NA NA NA NA NA
"3039" NA NA NA NA NA NA NA NA NA NA NA
